System,System,System,System,System,System,System,System,System,System,System,System,System,System,System,System,System,System,System,System,System,System,System,System,System,System,System,System Core C-States,System Core C-States,System Core C-States,System Pack C-States,System Pack C-States,System Pack C-States,System Pack C-States,System Pack C-States,System Pack C-States,System Pack C-States,Socket 0,Socket 0,Socket 0,Socket 0,Socket 0,Socket 0,Socket 0,Socket 0,Socket 0,Socket 0,Socket 0,Socket 0,Socket 0,Socket 0,Socket 0,Socket 0,Socket 0,Socket 0,Socket 0,Socket 0,Socket 0,Socket 0,Socket 0,Socket 0,Socket 0,Socket 0,Socket 1,Socket 1,Socket 1,Socket 1,Socket 1,Socket 1,Socket 1,Socket 1,Socket 1,Socket 1,Socket 1,Socket 1,Socket 1,Socket 1,Socket 1,Socket 1,Socket 1,Socket 1,Socket 1,Socket 1,Socket 1,Socket 1,Socket 1,Socket 1,Socket 1,Socket 1,SKT0dataIn,SKT0dataIn,SKT0dataIn (percent),SKT0dataIn (percent),SKT1dataIn,SKT1dataIn,SKT1dataIn (percent),SKT1dataIn (percent),SKT0trafficOut,SKT0trafficOut,SKT0trafficOut (percent),SKT0trafficOut (percent),SKT1trafficOut,SKT1trafficOut,SKT1trafficOut (percent),SKT1trafficOut (percent),SKT0 Core C-State,SKT0 Core C-State,SKT0 Core C-State,SKT0 Package C-State,SKT0 Package C-State,SKT0 Package C-State,SKT1 Core C-State,SKT1 Core C-State,SKT1 Core C-State,SKT1 Package C-State,SKT1 Package C-State,SKT1 Package C-State,Proc Energy (Joules),Proc Energy (Joules),DRAM Energy (Joules),DRAM Energy (Joules),LLCRDMISSLAT (ns),LLCRDMISSLAT (ns),UncFREQ (Ghz),UncFREQ (Ghz),Core0 (Socket 0),Core0 (Socket 0),Core0 (Socket 0),Core0 (Socket 0),Core0 (Socket 0),Core0 (Socket 0),Core0 (Socket 0),Core0 (Socket 0),Core0 (Socket 0),Core0 (Socket 0),Core0 (Socket 0),Core0 (Socket 0),Core0 (Socket 0),Core0 (Socket 0),Core0 (Socket 0),Core0 (Socket 0),Core0 (Socket 0),Core0 (Socket 0),Core0 (Socket 0),Core0 (Socket 0),Core0 (Socket 0),Core0 (Socket 0),Core0 (Socket 0),Core0 (Socket 0),Core1 (Socket 0),Core1 (Socket 0),Core1 (Socket 0),Core1 (Socket 0),Core1 (Socket 0),Core1 (Socket 0),Core1 (Socket 0),Core1 (Socket 0),Core1 (Socket 0),Core1 (Socket 0),Core1 (Socket 0),Core1 (Socket 0),Core1 (Socket 0),Core1 (Socket 0),Core1 (Socket 0),Core1 (Socket 0),Core1 (Socket 0),Core1 (Socket 0),Core1 (Socket 0),Core1 (Socket 0),Core1 (Socket 0),Core1 (Socket 0),Core1 (Socket 0),Core1 (Socket 0),Core2 (Socket 0),Core2 (Socket 0),Core2 (Socket 0),Core2 (Socket 0),Core2 (Socket 0),Core2 (Socket 0),Core2 (Socket 0),Core2 (Socket 0),Core2 (Socket 0),Core2 (Socket 0),Core2 (Socket 0),Core2 (Socket 0),Core2 (Socket 0),Core2 (Socket 0),Core2 (Socket 0),Core2 (Socket 0),Core2 (Socket 0),Core2 (Socket 0),Core2 (Socket 0),Core2 (Socket 0),Core2 (Socket 0),Core2 (Socket 0),Core2 (Socket 0),Core2 (Socket 0),Core3 (Socket 0),Core3 (Socket 0),Core3 (Socket 0),Core3 (Socket 0),Core3 (Socket 0),Core3 (Socket 0),Core3 (Socket 0),Core3 (Socket 0),Core3 (Socket 0),Core3 (Socket 0),Core3 (Socket 0),Core3 (Socket 0),Core3 (Socket 0),Core3 (Socket 0),Core3 (Socket 0),Core3 (Socket 0),Core3 (Socket 0),Core3 (Socket 0),Core3 (Socket 0),Core3 (Socket 0),Core3 (Socket 0),Core3 (Socket 0),Core3 (Socket 0),Core3 (Socket 0),Core4 (Socket 0),Core4 (Socket 0),Core4 (Socket 0),Core4 (Socket 0),Core4 (Socket 0),Core4 (Socket 0),Core4 (Socket 0),Core4 (Socket 0),Core4 (Socket 0),Core4 (Socket 0),Core4 (Socket 0),Core4 (Socket 0),Core4 (Socket 0),Core4 (Socket 0),Core4 (Socket 0),Core4 (Socket 0),Core4 (Socket 0),Core4 (Socket 0),Core4 (Socket 0),Core4 (Socket 0),Core4 (Socket 0),Core4 (Socket 0),Core4 (Socket 0),Core4 (Socket 0),Core5 (Socket 0),Core5 (Socket 0),Core5 (Socket 0),Core5 (Socket 0),Core5 (Socket 0),Core5 (Socket 0),Core5 (Socket 0),Core5 (Socket 0),Core5 (Socket 0),Core5 (Socket 0),Core5 (Socket 0),Core5 (Socket 0),Core5 (Socket 0),Core5 (Socket 0),Core5 (Socket 0),Core5 (Socket 0),Core5 (Socket 0),Core5 (Socket 0),Core5 (Socket 0),Core5 (Socket 0),Core5 (Socket 0),Core5 (Socket 0),Core5 (Socket 0),Core5 (Socket 0),Core6 (Socket 0),Core6 (Socket 0),Core6 (Socket 0),Core6 (Socket 0),Core6 (Socket 0),Core6 (Socket 0),Core6 (Socket 0),Core6 (Socket 0),Core6 (Socket 0),Core6 (Socket 0),Core6 (Socket 0),Core6 (Socket 0),Core6 (Socket 0),Core6 (Socket 0),Core6 (Socket 0),Core6 (Socket 0),Core6 (Socket 0),Core6 (Socket 0),Core6 (Socket 0),Core6 (Socket 0),Core6 (Socket 0),Core6 (Socket 0),Core6 (Socket 0),Core6 (Socket 0),Core7 (Socket 0),Core7 (Socket 0),Core7 (Socket 0),Core7 (Socket 0),Core7 (Socket 0),Core7 (Socket 0),Core7 (Socket 0),Core7 (Socket 0),Core7 (Socket 0),Core7 (Socket 0),Core7 (Socket 0),Core7 (Socket 0),Core7 (Socket 0),Core7 (Socket 0),Core7 (Socket 0),Core7 (Socket 0),Core7 (Socket 0),Core7 (Socket 0),Core7 (Socket 0),Core7 (Socket 0),Core7 (Socket 0),Core7 (Socket 0),Core7 (Socket 0),Core7 (Socket 0),Core8 (Socket 1),Core8 (Socket 1),Core8 (Socket 1),Core8 (Socket 1),Core8 (Socket 1),Core8 (Socket 1),Core8 (Socket 1),Core8 (Socket 1),Core8 (Socket 1),Core8 (Socket 1),Core8 (Socket 1),Core8 (Socket 1),Core8 (Socket 1),Core8 (Socket 1),Core8 (Socket 1),Core8 (Socket 1),Core8 (Socket 1),Core8 (Socket 1),Core8 (Socket 1),Core8 (Socket 1),Core8 (Socket 1),Core8 (Socket 1),Core8 (Socket 1),Core8 (Socket 1),Core9 (Socket 1),Core9 (Socket 1),Core9 (Socket 1),Core9 (Socket 1),Core9 (Socket 1),Core9 (Socket 1),Core9 (Socket 1),Core9 (Socket 1),Core9 (Socket 1),Core9 (Socket 1),Core9 (Socket 1),Core9 (Socket 1),Core9 (Socket 1),Core9 (Socket 1),Core9 (Socket 1),Core9 (Socket 1),Core9 (Socket 1),Core9 (Socket 1),Core9 (Socket 1),Core9 (Socket 1),Core9 (Socket 1),Core9 (Socket 1),Core9 (Socket 1),Core9 (Socket 1),Core10 (Socket 1),Core10 (Socket 1),Core10 (Socket 1),Core10 (Socket 1),Core10 (Socket 1),Core10 (Socket 1),Core10 (Socket 1),Core10 (Socket 1),Core10 (Socket 1),Core10 (Socket 1),Core10 (Socket 1),Core10 (Socket 1),Core10 (Socket 1),Core10 (Socket 1),Core10 (Socket 1),Core10 (Socket 1),Core10 (Socket 1),Core10 (Socket 1),Core10 (Socket 1),Core10 (Socket 1),Core10 (Socket 1),Core10 (Socket 1),Core10 (Socket 1),Core10 (Socket 1),Core11 (Socket 1),Core11 (Socket 1),Core11 (Socket 1),Core11 (Socket 1),Core11 (Socket 1),Core11 (Socket 1),Core11 (Socket 1),Core11 (Socket 1),Core11 (Socket 1),Core11 (Socket 1),Core11 (Socket 1),Core11 (Socket 1),Core11 (Socket 1),Core11 (Socket 1),Core11 (Socket 1),Core11 (Socket 1),Core11 (Socket 1),Core11 (Socket 1),Core11 (Socket 1),Core11 (Socket 1),Core11 (Socket 1),Core11 (Socket 1),Core11 (Socket 1),Core11 (Socket 1),Core12 (Socket 1),Core12 (Socket 1),Core12 (Socket 1),Core12 (Socket 1),Core12 (Socket 1),Core12 (Socket 1),Core12 (Socket 1),Core12 (Socket 1),Core12 (Socket 1),Core12 (Socket 1),Core12 (Socket 1),Core12 (Socket 1),Core12 (Socket 1),Core12 (Socket 1),Core12 (Socket 1),Core12 (Socket 1),Core12 (Socket 1),Core12 (Socket 1),Core12 (Socket 1),Core12 (Socket 1),Core12 (Socket 1),Core12 (Socket 1),Core12 (Socket 1),Core12 (Socket 1),Core13 (Socket 1),Core13 (Socket 1),Core13 (Socket 1),Core13 (Socket 1),Core13 (Socket 1),Core13 (Socket 1),Core13 (Socket 1),Core13 (Socket 1),Core13 (Socket 1),Core13 (Socket 1),Core13 (Socket 1),Core13 (Socket 1),Core13 (Socket 1),Core13 (Socket 1),Core13 (Socket 1),Core13 (Socket 1),Core13 (Socket 1),Core13 (Socket 1),Core13 (Socket 1),Core13 (Socket 1),Core13 (Socket 1),Core13 (Socket 1),Core13 (Socket 1),Core13 (Socket 1),Core14 (Socket 1),Core14 (Socket 1),Core14 (Socket 1),Core14 (Socket 1),Core14 (Socket 1),Core14 (Socket 1),Core14 (Socket 1),Core14 (Socket 1),Core14 (Socket 1),Core14 (Socket 1),Core14 (Socket 1),Core14 (Socket 1),Core14 (Socket 1),Core14 (Socket 1),Core14 (Socket 1),Core14 (Socket 1),Core14 (Socket 1),Core14 (Socket 1),Core14 (Socket 1),Core14 (Socket 1),Core14 (Socket 1),Core14 (Socket 1),Core14 (Socket 1),Core14 (Socket 1),Core15 (Socket 1),Core15 (Socket 1),Core15 (Socket 1),Core15 (Socket 1),Core15 (Socket 1),Core15 (Socket 1),Core15 (Socket 1),Core15 (Socket 1),Core15 (Socket 1),Core15 (Socket 1),Core15 (Socket 1),Core15 (Socket 1),Core15 (Socket 1),Core15 (Socket 1),Core15 (Socket 1),Core15 (Socket 1),Core15 (Socket 1),Core15 (Socket 1),Core15 (Socket 1),Core15 (Socket 1),Core15 (Socket 1),Core15 (Socket 1),Core15 (Socket 1),Core15 (Socket 1),
Date,Time,EXEC,IPC,FREQ,AFREQ,L3MISS,L2MISS,L3HIT,L2HIT,L3MPI,L2MPI,READ,WRITE,LOCAL,PMM_RD,PMM_WR,INST,ACYC,TIME(ticks),PhysIPC,PhysIPC%,INSTnom,INSTnom%,TotalUPIin,UPItoMC,TotalUPIout,C0res%,C1res%,C6res%,C0res%,C2res%,C6res%,Proc Energy (Joules),DRAM Energy (Joules),LLCRDMISSLAT (ns),UncFREQ (Ghz),EXEC,IPC,FREQ,AFREQ,L3MISS,L2MISS,L3HIT,L2HIT,L3MPI,L2MPI,L3OCC,LMB,RMB,READ,WRITE,LOCAL,PMM_RD,PMM_WR,TEMP,INST,ACYC,TIME(ticks),PhysIPC,PhysIPC%,INSTnom,INSTnom%,EXEC,IPC,FREQ,AFREQ,L3MISS,L2MISS,L3HIT,L2HIT,L3MPI,L2MPI,L3OCC,LMB,RMB,READ,WRITE,LOCAL,PMM_RD,PMM_WR,TEMP,INST,ACYC,TIME(ticks),PhysIPC,PhysIPC%,INSTnom,INSTnom%,UPI0,UPI1,UPI0,UPI1,UPI0,UPI1,UPI0,UPI1,UPI0,UPI1,UPI0,UPI1,UPI0,UPI1,UPI0,UPI1,C0res%,C1res%,C6res%,C0res%,C2res%,C6res%,C0res%,C1res%,C6res%,C0res%,C2res%,C6res%,SKT0,SKT1,SKT0,SKT1,SKT0,SKT1,SKT0,SKT1,EXEC,IPC,FREQ,AFREQ,L3MISS,L2MISS,L3HIT,L2HIT,L3MPI,L2MPI,L3OCC,LMB,RMB,C0res%,C1res%,C6res%,TEMP,INST,ACYC,TIME(ticks),PhysIPC,PhysIPC%,INSTnom,INSTnom%,EXEC,IPC,FREQ,AFREQ,L3MISS,L2MISS,L3HIT,L2HIT,L3MPI,L2MPI,L3OCC,LMB,RMB,C0res%,C1res%,C6res%,TEMP,INST,ACYC,TIME(ticks),PhysIPC,PhysIPC%,INSTnom,INSTnom%,EXEC,IPC,FREQ,AFREQ,L3MISS,L2MISS,L3HIT,L2HIT,L3MPI,L2MPI,L3OCC,LMB,RMB,C0res%,C1res%,C6res%,TEMP,INST,ACYC,TIME(ticks),PhysIPC,PhysIPC%,INSTnom,INSTnom%,EXEC,IPC,FREQ,AFREQ,L3MISS,L2MISS,L3HIT,L2HIT,L3MPI,L2MPI,L3OCC,LMB,RMB,C0res%,C1res%,C6res%,TEMP,INST,ACYC,TIME(ticks),PhysIPC,PhysIPC%,INSTnom,INSTnom%,EXEC,IPC,FREQ,AFREQ,L3MISS,L2MISS,L3HIT,L2HIT,L3MPI,L2MPI,L3OCC,LMB,RMB,C0res%,C1res%,C6res%,TEMP,INST,ACYC,TIME(ticks),PhysIPC,PhysIPC%,INSTnom,INSTnom%,EXEC,IPC,FREQ,AFREQ,L3MISS,L2MISS,L3HIT,L2HIT,L3MPI,L2MPI,L3OCC,LMB,RMB,C0res%,C1res%,C6res%,TEMP,INST,ACYC,TIME(ticks),PhysIPC,PhysIPC%,INSTnom,INSTnom%,EXEC,IPC,FREQ,AFREQ,L3MISS,L2MISS,L3HIT,L2HIT,L3MPI,L2MPI,L3OCC,LMB,RMB,C0res%,C1res%,C6res%,TEMP,INST,ACYC,TIME(ticks),PhysIPC,PhysIPC%,INSTnom,INSTnom%,EXEC,IPC,FREQ,AFREQ,L3MISS,L2MISS,L3HIT,L2HIT,L3MPI,L2MPI,L3OCC,LMB,RMB,C0res%,C1res%,C6res%,TEMP,INST,ACYC,TIME(ticks),PhysIPC,PhysIPC%,INSTnom,INSTnom%,EXEC,IPC,FREQ,AFREQ,L3MISS,L2MISS,L3HIT,L2HIT,L3MPI,L2MPI,L3OCC,LMB,RMB,C0res%,C1res%,C6res%,TEMP,INST,ACYC,TIME(ticks),PhysIPC,PhysIPC%,INSTnom,INSTnom%,EXEC,IPC,FREQ,AFREQ,L3MISS,L2MISS,L3HIT,L2HIT,L3MPI,L2MPI,L3OCC,LMB,RMB,C0res%,C1res%,C6res%,TEMP,INST,ACYC,TIME(ticks),PhysIPC,PhysIPC%,INSTnom,INSTnom%,EXEC,IPC,FREQ,AFREQ,L3MISS,L2MISS,L3HIT,L2HIT,L3MPI,L2MPI,L3OCC,LMB,RMB,C0res%,C1res%,C6res%,TEMP,INST,ACYC,TIME(ticks),PhysIPC,PhysIPC%,INSTnom,INSTnom%,EXEC,IPC,FREQ,AFREQ,L3MISS,L2MISS,L3HIT,L2HIT,L3MPI,L2MPI,L3OCC,LMB,RMB,C0res%,C1res%,C6res%,TEMP,INST,ACYC,TIME(ticks),PhysIPC,PhysIPC%,INSTnom,INSTnom%,EXEC,IPC,FREQ,AFREQ,L3MISS,L2MISS,L3HIT,L2HIT,L3MPI,L2MPI,L3OCC,LMB,RMB,C0res%,C1res%,C6res%,TEMP,INST,ACYC,TIME(ticks),PhysIPC,PhysIPC%,INSTnom,INSTnom%,EXEC,IPC,FREQ,AFREQ,L3MISS,L2MISS,L3HIT,L2HIT,L3MPI,L2MPI,L3OCC,LMB,RMB,C0res%,C1res%,C6res%,TEMP,INST,ACYC,TIME(ticks),PhysIPC,PhysIPC%,INSTnom,INSTnom%,EXEC,IPC,FREQ,AFREQ,L3MISS,L2MISS,L3HIT,L2HIT,L3MPI,L2MPI,L3OCC,LMB,RMB,C0res%,C1res%,C6res%,TEMP,INST,ACYC,TIME(ticks),PhysIPC,PhysIPC%,INSTnom,INSTnom%,EXEC,IPC,FREQ,AFREQ,L3MISS,L2MISS,L3HIT,L2HIT,L3MPI,L2MPI,L3OCC,LMB,RMB,C0res%,C1res%,C6res%,TEMP,INST,ACYC,TIME(ticks),PhysIPC,PhysIPC%,INSTnom,INSTnom%,
2024-03-21,11:16:12.347,0.02,1.15,0.01,1.00,0.01,0.11,0.85,0.67,0.0002,0.0017,0.00,0.01,-2147483648,0.00,0.00,63.00,54.67,255.66,1.15,28.81,0.02,0.39,1.15,0.09,12.08,1.34,98.66,0.00,100.00,0.00,0.00,0.00,0.00,-nan,0.08,0.02,1.08,0.01,1.00,0.01,0.05,0.85,0.73,0.0002,0.0016,     0,0,0,0.00,0.01,-2147483648,0.00,0.00,N/A,31.19,28.85,255.66,1.08,27.02,0.02,0.38,0.02,1.23,0.01,1.00,0.01,0.06,0.84,0.60,0.0002,0.0017,     0,0,0,0.00,0.00,-2147483648,0.00,0.00,N/A,31.81,25.82,255.66,1.23,30.80,0.02,0.39,0.39,0.54,  0%,  0%,0.15,0.07,  0%,  0%,1.48,2.11,  1%,  1%,4.32,4.17,  2%,  2%,1.41,98.59,0.00,100.00,0.00,0.00,1.27,98.73,0.00,100.00,0.00,0.00,0.00,0.00,0.00 ,0.00 ,-nan ,-nan ,0.08,0.08,0.02,0.59,0.03,1.00,0.00,0.04,0.93,0.56,0.0005,0.0081,     0,0,0,3.16,96.84,0.00,N/A,4.77,8.08,255.66,0.59,14.78,0.02,0.47,0.01,1.41,0.01,1.00,0.00,0.00,0.41,0.87,0.0003,0.0007,     0,0,0,0.95,99.05,0.00,N/A,3.42,2.43,255.66,1.41,35.20,0.01,0.33,0.00,0.84,0.00,1.00,0.00,0.00,0.70,0.64,0.0007,0.0033,     0,0,0,0.18,99.82,0.00,N/A,0.40,0.48,255.66,0.84,20.93,0.00,0.04,0.00,0.46,0.00,1.00,0.00,0.00,0.44,0.69,0.0025,0.0059,     0,0,0,0.07,99.93,0.00,N/A,0.08,0.18,255.66,0.46,11.42,0.00,0.01,0.03,1.01,0.03,1.00,0.00,0.00,0.10,0.98,0.0001,0.0001,     0,0,0,2.66,97.34,0.00,N/A,6.30,6.24,255.66,1.01,25.25,0.03,0.67,0.02,1.58,0.01,1.00,0.00,0.00,0.61,0.86,0.0001,0.0004,     0,0,0,1.49,98.51,0.00,N/A,6.16,3.91,255.66,1.58,39.38,0.02,0.59,0.03,1.70,0.02,1.00,0.00,0.00,0.69,0.86,0.0001,0.0005,     0,0,0,2.02,97.98,0.00,N/A,9.01,5.30,255.66,1.70,42.53,0.03,0.86,0.00,0.46,0.01,1.00,0.00,0.00,0.40,0.77,0.0005,0.0009,     0,0,0,0.87,99.13,0.00,N/A,1.04,2.24,255.66,0.46,11.61,0.00,0.10,0.01,0.31,0.02,1.00,0.00,0.04,0.93,0.29,0.0012,0.0194,     0,0,0,2.39,97.61,0.00,N/A,1.91,6.11,255.66,0.31,7.80,0.01,0.19,0.03,1.75,0.02,1.00,0.00,0.00,0.71,0.77,0.0000,0.0003,     0,0,0,1.89,98.11,0.00,N/A,8.49,4.85,255.66,1.75,43.74,0.03,0.83,0.02,2.17,0.01,1.00,0.00,0.00,0.36,0.64,0.0002,0.0004,     0,0,0,0.83,99.17,0.00,N/A,4.63,2.13,255.66,2.17,54.36,0.02,0.45,0.05,1.79,0.03,1.00,0.00,0.00,0.48,0.92,0.0000,0.0000,     0,0,0,2.60,97.40,0.00,N/A,11.19,6.26,255.66,1.79,44.72,0.05,1.16,0.01,1.15,0.01,1.00,0.00,0.00,0.77,0.87,0.0001,0.0013,     0,0,0,0.52,99.48,0.00,N/A,1.53,1.33,255.66,1.15,28.79,0.01,0.15,0.01,0.94,0.01,1.00,0.00,0.00,0.54,0.74,0.0004,0.0021,     0,0,0,0.76,99.24,0.00,N/A,1.83,1.95,255.66,0.94,23.38,0.01,0.18,0.00,0.59,0.01,1.00,0.00,0.00,0.34,0.71,0.0021,0.0043,     0,0,0,0.68,99.32,0.00,N/A,1.03,1.73,255.66,0.59,14.87,0.00,0.10,0.00,0.83,0.01,1.00,0.00,0.00,0.72,0.82,0.0001,0.0028,     0,0,0,0.57,99.43,0.00,N/A,1.20,1.45,255.66,0.83,20.69,0.00,0.12,
2024-03-21,11:16:12.446,0.03,1.36,0.02,1.00,0.02,0.08,0.76,0.83,0.0002,0.0008,0.00,0.00,-2147483648,0.00,0.00,95.90,70.42,210.43,1.36,34.04,0.03,0.72,1.00,0.23,5.14,2.10,97.90,0.00,100.00,0.00,0.00,0.00,0.00,-nan,0.08,0.03,1.42,0.02,1.00,0.01,0.04,0.82,0.70,0.0001,0.0008,     0,0,0,0.00,0.00,-2147483648,0.00,0.00,N/A,52.69,37.10,210.43,1.42,35.51,0.03,0.79,0.03,1.30,0.02,1.00,0.01,0.04,0.70,0.88,0.0003,0.0009,     0,0,0,0.00,0.00,-2147483648,0.00,0.00,N/A,43.21,33.33,210.43,1.30,32.41,0.03,0.64,0.39,0.29,  0%,  0%,0.20,0.12,  0%,  0%,0.47,0.81,  0%,  0%,1.96,1.90,  1%,  1%,2.23,97.77,0.00,100.00,0.00,0.00,1.98,98.02,0.00,100.00,0.00,0.00,0.00,0.00,0.00 ,0.00 ,-nan ,-nan ,0.08,0.08,0.01,0.31,0.03,1.00,0.00,0.03,0.93,0.27,0.0013,0.0183,     0,0,0,2.54,97.46,0.00,N/A,1.65,5.34,210.43,0.31,7.73,0.01,0.20,0.02,1.72,0.01,1.00,0.00,0.00,0.20,0.70,0.0001,0.0002,     0,0,0,1.16,98.84,0.00,N/A,4.20,2.44,210.43,1.72,43.00,0.02,0.50,0.07,1.79,0.04,1.00,0.00,0.00,0.59,0.94,0.0000,0.0001,     0,0,0,3.84,96.16,0.00,N/A,14.04,7.83,210.43,1.79,44.85,0.07,1.72,0.03,1.30,0.02,1.00,0.00,0.01,0.52,0.83,0.0005,0.0010,     0,0,0,1.98,98.02,0.00,N/A,5.44,4.17,210.43,1.30,32.60,0.03,0.65,0.04,1.82,0.02,1.00,0.00,0.00,0.34,0.91,0.0000,0.0000,     0,0,0,1.99,98.01,0.00,N/A,7.63,4.18,210.43,1.82,45.60,0.04,0.91,0.00,0.57,0.00,1.00,0.00,0.00,0.61,0.78,0.0007,0.0031,     0,0,0,0.10,99.90,0.00,N/A,0.12,0.21,210.43,0.57,14.37,0.00,0.01,0.05,1.73,0.03,1.00,0.00,0.00,0.28,0.99,0.0000,0.0000,     0,0,0,3.10,96.90,0.00,N/A,10.95,6.33,210.43,1.73,43.27,0.05,1.34,0.04,1.31,0.03,1.00,0.00,0.00,0.39,0.82,0.0001,0.0002,     0,0,0,3.15,96.85,0.00,N/A,8.65,6.60,210.43,1.31,32.79,0.04,1.03,0.01,0.29,0.02,1.00,0.00,0.03,0.92,0.31,0.0015,0.0189,     0,0,0,2.42,97.58,0.00,N/A,1.50,5.10,210.43,0.29,7.36,0.01,0.18,0.05,1.57,0.03,1.00,0.00,0.00,0.11,0.93,0.0002,0.0003,     0,0,0,2.98,97.02,0.00,N/A,9.81,6.24,210.43,1.57,39.29,0.05,1.17,0.05,1.79,0.03,1.00,0.00,0.00,0.41,0.78,0.0000,0.0001,     0,0,0,2.97,97.03,0.00,N/A,11.22,6.26,210.43,1.79,44.81,0.05,1.33,0.02,0.98,0.02,1.00,0.00,0.00,0.41,0.99,0.0002,0.0003,     0,0,0,2.40,97.60,0.00,N/A,4.95,5.05,210.43,0.98,24.53,0.02,0.59,0.00,0.43,0.00,1.00,0.00,0.00,0.60,0.70,0.0016,0.0064,     0,0,0,0.06,99.94,0.00,N/A,0.06,0.13,210.43,0.43,10.73,0.00,0.01,0.00,0.33,0.00,1.00,0.00,0.00,0.63,0.88,0.0005,0.0020,     0,0,0,0.03,99.97,0.00,N/A,0.02,0.06,210.43,0.33,8.25,0.00,0.00,0.01,0.57,0.01,1.00,0.01,0.01,0.06,0.42,0.0044,0.0047,     0,0,0,1.03,98.97,0.00,N/A,1.23,2.17,210.43,0.57,14.15,0.01,0.15,0.07,1.73,0.04,1.00,0.00,0.00,0.34,0.97,0.0000,0.0001,     0,0,0,3.95,96.05,0.00,N/A,14.42,8.31,210.43,1.73,43.34,0.07,1.71,
2024-03-21,11:16:12.551,0.02,1.17,0.02,1.00,0.01,0.08,0.82,0.76,0.0002,0.0010,0.01,0.02,-2147483648,0.00,0.00,78.32,66.88,209.64,1.17,29.28,0.02,0.58,1.81,0.06,13.12,1.99,98.01,0.00,100.00,0.00,0.00,0.00,0.00,-nan,0.08,0.02,1.03,0.02,1.00,0.01,0.04,0.80,0.74,0.0002,0.0012,     0,0,0,0.00,0.01,-2147483648,0.00,0.00,N/A,35.49,34.37,209.64,1.03,25.82,0.02,0.52,0.03,1.32,0.02,1.00,0.00,0.04,0.85,0.78,0.0001,0.0008,     0,0,0,0.00,0.02,-2147483648,0.00,0.00,N/A,42.83,32.51,209.64,1.32,32.93,0.03,0.64,0.56,0.66,  0%,  0%,0.33,0.26,  0%,  0%,1.46,1.65,  1%,  1%,5.06,4.93,  4%,  3%,2.03,97.97,0.00,100.00,0.00,0.00,1.94,98.06,0.00,100.00,0.00,0.00,0.00,0.00,0.00 ,0.00 ,-nan ,-nan ,0.08,0.08,0.01,0.31,0.02,1.00,0.00,0.03,0.93,0.29,0.0014,0.0194,     0,0,0,2.29,97.71,0.00,N/A,1.48,4.80,209.64,0.31,7.69,0.01,0.18,0.03,0.90,0.04,1.00,0.00,0.00,0.31,0.93,0.0001,0.0003,     0,0,0,3.72,96.28,0.00,N/A,7.45,8.28,209.64,0.90,22.48,0.03,0.84,0.01,1.17,0.01,1.00,0.00,0.00,0.48,0.83,0.0003,0.0009,     0,0,0,0.60,99.40,0.00,N/A,1.48,1.27,209.64,1.17,29.21,0.01,0.18,0.06,1.78,0.04,1.00,0.00,0.00,0.50,0.97,0.0000,0.0001,     0,0,0,3.60,96.40,0.00,N/A,13.45,7.54,209.64,1.78,44.59,0.06,1.61,0.01,0.97,0.01,1.00,0.00,0.00,0.57,0.87,0.0003,0.0010,     0,0,0,1.26,98.74,0.00,N/A,2.56,2.65,209.64,0.97,24.13,0.01,0.30,0.01,0.51,0.02,1.00,0.00,0.00,0.32,0.83,0.0003,0.0007,     0,0,0,2.28,97.72,0.00,N/A,2.43,4.80,209.64,0.51,12.66,0.01,0.29,0.01,1.22,0.01,1.00,0.00,0.00,0.43,0.88,0.0004,0.0009,     0,0,0,0.96,99.04,0.00,N/A,2.46,2.02,209.64,1.22,30.47,0.01,0.29,0.02,1.39,0.01,1.00,0.00,0.00,0.20,0.66,0.0002,0.0004,     0,0,0,1.43,98.57,0.00,N/A,4.18,3.00,209.64,1.39,34.79,0.02,0.50,0.01,0.31,0.02,1.00,0.00,0.03,0.93,0.32,0.0013,0.0189,     0,0,0,2.42,97.58,0.00,N/A,1.55,5.08,209.64,0.31,7.64,0.01,0.19,0.03,1.56,0.02,1.00,0.00,0.00,0.34,0.96,0.0001,0.0002,     0,0,0,1.99,98.01,0.00,N/A,6.51,4.17,209.64,1.56,39.04,0.03,0.78,0.06,1.64,0.04,1.00,0.00,0.00,0.56,0.97,0.0000,0.0001,     0,0,0,3.96,96.04,0.00,N/A,13.64,8.31,209.64,1.64,41.05,0.06,1.62,0.00,0.61,0.00,1.00,0.00,0.00,0.22,0.86,0.0009,0.0014,     0,0,0,0.19,99.81,0.00,N/A,0.25,0.41,209.64,0.61,15.33,0.00,0.03,0.04,1.26,0.03,1.00,0.00,0.00,0.21,0.96,0.0001,0.0001,     0,0,0,3.04,96.96,0.00,N/A,7.95,6.32,209.64,1.26,31.46,0.04,0.96,0.01,1.15,0.01,1.00,0.00,0.00,0.33,0.57,0.0005,0.0011,     0,0,0,0.57,99.43,0.00,N/A,1.39,1.20,209.64,1.15,28.87,0.01,0.17,0.04,1.61,0.02,1.00,0.00,0.00,0.54,0.97,0.0000,0.0001,     0,0,0,2.26,97.74,0.00,N/A,7.70,4.77,209.64,1.61,40.34,0.04,0.91,0.02,1.70,0.01,1.00,0.00,0.00,0.38,0.67,0.0001,0.0002,     0,0,0,1.08,98.92,0.00,N/A,3.84,2.26,209.64,1.70,42.47,0.02,0.46,
2024-03-21,11:16:12.650,0.01,0.74,0.02,0.99,0.02,0.08,0.75,0.74,0.0005,0.0020,0.01,0.04,-2147483648,0.00,0.00,40.44,54.72,210.04,0.74,18.48,0.01,0.30,2.49,0.05,28.64,1.64,98.36,0.00,100.00,0.00,0.00,0.00,0.00,-,0.,0.08,0.01,0.66,0.01,0.99,0.01,0.04,0.75,0.67,0.0006,0.0026,     0,0,0,0.00,0.02,-2147483648,0.00,0.00,N/A,16.25,24.58,210.04,0.66,16.52,0.01,0.24,0.01,0.80,0.02,1.00,0.01,0.04,0.76,0.79,0.0004,0.0016,     0,0,0,0.00,0.03,-2147483648,0.00,0.00,N/A,24.19,30.14,210.04,0.80,20.07,0.01,0.36,0.77,0.71,  0%,  0%,0.54,0.47,  0%,  0%,8.67,8.29,  8%,  8%,5.94,5.74,  4%,  4%,1.50,98.50,0.00,100.00,0.00,0.00,1.79,98.21,0.00,100.00,0.00,0.00,0.00,0.00,0.00 ,0.00 ,-nan ,-nan ,0.08,0.08,0.01,0.50,0.03,0.95,0.00,0.03,0.92,0.30,0.0009,0.0110,     0,0,0,2.73,97.27,0.00,N/A,2.72,5.44,210.04,0.50,12.50,0.01,0.32,0.01,0.38,0.02,1.00,0.00,0.00,0.20,0.67,0.0006,0.0010,     0,0,0,2.17,97.83,0.00,N/A,1.63,4.26,210.04,0.38,9.54,0.01,0.21,0.01,1.11,0.01,1.00,0.00,0.00,0.22,0.82,0.0009,0.0014,     0,0,0,1.32,98.68,0.00,N/A,3.10,2.78,210.04,1.11,27.80,0.01,0.37,0.01,1.44,0.01,1.00,0.00,0.00,0.72,0.93,0.0001,0.0005,     0,0,0,0.88,99.12,0.00,N/A,2.65,1.85,210.04,1.44,35.95,0.01,0.32,0.01,0.79,0.01,1.00,0.00,0.00,0.26,0.67,0.0005,0.0009,     0,0,0,1.45,98.55,0.00,N/A,2.40,3.04,210.04,0.79,19.78,0.01,0.29,0.01,0.62,0.02,1.00,0.00,0.00,0.24,0.92,0.0005,0.0009,     0,0,0,2.02,97.98,0.00,N/A,2.64,4.23,210.04,0.62,15.62,0.01,0.32,0.00,0.66,0.00,0.84,0.00,0.00,0.71,0.95,0.0001,0.0004,     0,0,0,0.13,99.87,0.00,N/A,0.15,0.23,210.04,0.66,16.51,0.00,0.02,0.00,0.35,0.01,1.00,0.00,0.00,0.22,0.77,0.0012,0.0017,     0,0,0,1.31,98.69,0.00,N/A,0.95,2.75,210.04,0.35,8.63,0.00,0.11,0.01,0.30,0.03,1.00,0.00,0.03,0.89,0.31,0.0020,0.0185,     0,0,0,2.55,97.45,0.00,N/A,1.61,5.35,210.04,0.30,7.51,0.01,0.19,0.00,0.46,0.01,1.00,0.00,0.00,0.33,0.76,0.0005,0.0008,     0,0,0,1.04,98.96,0.00,N/A,1.02,2.19,210.04,0.46,11.58,0.00,0.12,0.01,0.48,0.03,1.00,0.00,0.00,0.51,0.77,0.0004,0.0009,     0,0,0,2.96,97.04,0.00,N/A,2.95,6.21,210.04,0.48,11.89,0.01,0.35,0.01,1.29,0.00,1.00,0.00,0.00,0.41,0.64,0.0004,0.0007,     0,0,0,0.49,99.51,0.00,N/A,1.32,1.03,210.04,1.29,32.15,0.01,0.16,0.04,1.79,0.02,1.00,0.00,0.00,0.48,0.80,0.0000,0.0001,     0,0,0,2.04,97.96,0.00,N/A,7.63,4.27,210.04,1.79,44.67,0.04,0.91,0.03,1.59,0.02,1.00,0.00,0.00,0.19,0.98,0.0000,0.0001,     0,0,0,1.93,98.07,0.00,N/A,6.80,4.28,210.04,1.59,39.77,0.03,0.77,0.01,0.59,0.02,1.00,0.00,0.00,0.16,0.97,0.0008,0.0010,     0,0,0,2.05,97.95,0.00,N/A,2.52,4.25,210.04,0.59,14.85,0.01,0.30,0.00,0.13,0.01,1.00,0.00,0.00,0.22,0.63,0.0031,0.0046,     0,0,0,1.22,98.78,0.00,N/A,0.35,2.56,210.04,0.13,3.37,0.00,0.04,
2024-03-21,11:16:12.753,0.01,0.83,0.01,0.97,0.01,0.07,0.87,0.74,0.0003,0.0021,0.00,0.02,-2147483648,0.00,0.00,34.68,41.81,211.88,0.83,20.74,0.01,0.25,1.19,0.06,10.95,1.23,98.77,0.00,100.00,0.00,0.00,0.00,0.00,-nan,0.07,0.01,0.83,0.01,0.94,0.00,0.03,0.93,0.69,0.0001,0.0022,     0,0,0,0.00,0.00,-2147483648,0.00,0.00,N/A,14.78,17.83,211.88,0.83,20.72,0.01,0.21,0.01,0.83,0.01,1.00,0.01,0.04,0.81,0.77,0.0004,0.0020,     0,0,0,0.00,0.02,-2147483648,0.00,0.00,N/A,19.90,23.98,211.88,0.83,20.75,0.01,0.29,0.09,0.15,  0%,  0%,0.51,0.44,  0%,  0%,1.48,1.57,  1%,  1%,4.02,3.88,  3%,  3%,1.08,98.92,0.00,100.00,0.00,0.00,1.38,98.62,0.00,100.00,0.00,0.00,0.00,0.00,0.00 ,0.00 ,-nan ,-nan ,0.07,0.08,0.01,0.30,0.02,0.89,0.00,0.03,0.95,0.29,0.0009,0.0205,     0,0,0,2.35,97.65,0.00,N/A,1.34,4.42,211.88,0.30,7.61,0.01,0.16,0.00,0.88,0.00,0.98,0.00,0.00,0.54,0.58,0.0011,0.0032,     0,0,0,0.21,99.79,0.00,N/A,0.39,0.45,211.88,0.88,21.98,0.00,0.05,0.00,0.56,0.00,0.89,0.00,0.00,0.61,0.74,0.0008,0.0038,     0,0,0,0.12,99.88,0.00,N/A,0.14,0.25,211.88,0.56,14.07,0.00,0.02,0.03,1.11,0.03,0.95,0.00,0.00,0.94,0.96,0.0000,0.0003,     0,0,0,2.82,97.18,0.00,N/A,6.31,5.68,211.88,1.11,27.77,0.03,0.74,0.01,1.24,0.01,0.99,0.00,0.00,0.64,0.87,0.0000,0.0001,     0,0,0,1.10,98.90,0.00,N/A,3.05,2.46,211.88,1.24,30.92,0.01,0.33,0.00,0.63,0.00,0.93,0.00,0.00,0.75,0.84,0.0003,0.0014,     0,0,0,0.19,99.81,0.00,N/A,0.25,0.41,211.88,0.63,15.67,0.00,0.03,0.00,0.17,0.01,0.95,0.00,0.00,0.84,0.90,0.0000,0.0005,     0,0,0,1.11,98.89,0.00,N/A,0.40,2.40,211.88,0.17,4.16,0.00,0.04,0.01,1.63,0.01,0.96,0.00,0.00,0.94,0.94,0.0000,0.0004,     0,0,0,0.87,99.13,0.00,N/A,2.90,1.77,211.88,1.63,40.80,0.01,0.34,0.01,0.28,0.02,1.00,0.00,0.03,0.93,0.31,0.0013,0.0191,     0,0,0,2.42,97.58,0.00,N/A,1.46,5.14,211.88,0.28,7.12,0.01,0.17,0.03,1.33,0.02,1.00,0.00,0.00,0.65,0.98,0.0001,0.0004,     0,0,0,1.92,98.08,0.00,N/A,5.82,4.37,211.88,1.33,33.29,0.03,0.64,0.02,1.03,0.02,1.00,0.00,0.00,0.10,0.88,0.0001,0.0001,     0,0,0,1.97,98.03,0.00,N/A,4.31,4.17,211.88,1.03,25.80,0.02,0.51,0.01,1.20,0.01,1.00,0.00,0.00,0.64,0.90,0.0001,0.0002,     0,0,0,1.11,98.89,0.00,N/A,2.83,2.35,211.88,1.20,30.10,0.01,0.33,0.01,1.25,0.01,1.00,0.00,0.00,0.64,0.83,0.0000,0.0001,     0,0,0,1.05,98.95,0.00,N/A,2.98,2.39,211.88,1.25,31.14,0.01,0.33,0.00,0.13,0.01,1.00,0.00,0.00,0.12,0.82,0.0015,0.0018,     0,0,0,1.11,98.89,0.00,N/A,0.30,2.40,211.88,0.13,3.14,0.00,0.03,0.00,0.52,0.00,1.00,0.00,0.00,0.57,0.82,0.0008,0.0022,     0,0,0,0.09,99.91,0.00,N/A,0.10,0.19,211.88,0.52,12.96,0.00,0.01,0.01,0.71,0.01,1.00,0.00,0.01,0.48,0.66,0.0016,0.0036,     0,0,0,1.37,98.63,0.00,N/A,2.10,2.96,211.88,0.71,17.75,0.01,0.24,
2024-03-21,11:16:12.850,0.02,1.02,0.02,0.80,0.02,0.14,0.83,0.81,0.0004,0.0022,0.01,0.01,-2147483648,0.00,0.00,65.08,63.54,210.63,1.02,25.61,0.02,0.50,5.20,0.27,11.18,2.44,97.56,0.00,100.00,0.00,0.00,0.00,0.00,-nan,0.10,0.02,1.09,0.02,0.81,0.01,0.07,0.88,0.82,0.0002,0.0018,     0,0,0,0.00,0.00,-2147483648,0.00,0.00,N/A,38.71,35.53,210.63,1.09,27.24,0.02,0.60,0.02,0.94,0.02,0.78,0.01,0.07,0.79,0.80,0.0006,0.0027,     0,0,0,0.01,0.01,-2147483648,0.00,0.00,N/A,26.37,28.01,210.63,0.94,23.53,0.02,0.40,1.00,0.74,  1%,  0%,1.77,1.69,  1%,  1%,1.61,1.92,  1%,  1%,3.95,3.70,  3%,  3%,2.70,97.30,0.00,100.00,0.00,0.00,2.19,97.81,0.00,100.00,0.00,0.00,0.00,0.00,0.00 ,0.00 ,-nan ,-nan ,0.10,0.09,0.01,0.32,0.02,1.00,0.00,0.03,0.94,0.26,0.0012,0.0186,     0,0,0,2.39,97.61,0.00,N/A,1.59,5.04,210.63,0.32,7.89,0.01,0.19,0.01,0.61,0.02,0.85,0.00,0.00,0.47,0.77,0.0009,0.0018,     0,0,0,2.02,97.98,0.00,N/A,2.20,3.61,210.63,0.61,15.24,0.01,0.26,0.03,1.22,0.03,0.72,0.00,0.01,0.90,0.90,0.0001,0.0012,     0,0,0,3.67,96.33,0.00,N/A,6.34,5.17,210.63,1.22,30.61,0.03,0.81,0.02,1.39,0.01,1.00,0.00,0.00,0.54,0.90,0.0002,0.0006,     0,0,0,1.25,98.75,0.00,N/A,3.65,2.63,210.63,1.39,34.67,0.02,0.43,0.03,1.35,0.02,0.76,0.00,0.01,0.97,0.87,0.0000,0.0015,     0,0,0,3.15,96.85,0.00,N/A,6.33,4.70,210.63,1.35,33.66,0.03,0.81,0.03,1.13,0.03,0.73,0.00,0.01,0.80,0.89,0.0003,0.0013,     0,0,0,4.16,95.84,0.00,N/A,6.67,5.93,210.63,1.13,28.14,0.03,0.85,0.04,1.39,0.03,0.79,0.00,0.01,0.92,0.89,0.0001,0.0010,     0,0,0,3.29,96.71,0.00,N/A,7.01,5.05,210.63,1.39,34.71,0.04,0.90,0.02,1.45,0.02,0.85,0.00,0.00,0.86,0.92,0.0001,0.0005,     0,0,0,1.90,98.10,0.00,N/A,4.92,3.39,210.63,1.45,36.31,0.02,0.58,0.01,0.36,0.03,0.89,0.00,0.03,0.90,0.37,0.0016,0.0164,     0,0,0,2.81,97.19,0.00,N/A,1.89,5.30,210.63,0.36,8.93,0.01,0.22,0.03,1.35,0.02,0.69,0.00,0.00,0.96,0.89,0.0000,0.0008,     0,0,0,2.99,97.01,0.00,N/A,5.70,4.21,210.63,1.35,33.84,0.03,0.70,0.00,0.38,0.00,1.00,0.00,0.00,0.60,0.62,0.0020,0.0080,     0,0,0,0.12,99.88,0.00,N/A,0.10,0.26,210.63,0.38,9.50,0.00,0.01,0.01,0.92,0.02,0.76,0.01,0.01,0.46,0.85,0.0022,0.0041,     0,0,0,2.03,97.97,0.00,N/A,2.98,3.23,210.63,0.92,23.09,0.01,0.35,0.02,0.99,0.02,0.76,0.00,0.01,0.72,0.87,0.0005,0.0017,     0,0,0,3.11,96.89,0.00,N/A,4.58,4.62,210.63,0.99,24.83,0.02,0.59,0.03,1.40,0.02,0.77,0.00,0.01,0.96,0.89,0.0001,0.0012,     0,0,0,3.16,96.84,0.00,N/A,6.61,4.73,210.63,1.40,34.95,0.03,0.85,0.01,0.64,0.02,0.82,0.00,0.01,0.80,0.84,0.0005,0.0025,     0,0,0,2.08,97.92,0.00,N/A,2.30,3.61,210.63,0.64,15.91,0.01,0.27,0.01,1.07,0.01,0.75,0.00,0.00,0.26,0.90,0.0005,0.0009,     0,0,0,1.33,98.67,0.00,N/A,2.20,2.05,210.63,1.07,26.77,0.01,0.27,
2024-03-21,11:16:12.953,0.03,1.43,0.02,0.79,0.06,0.30,0.81,0.83,0.0006,0.0032,0.02,0.02,-2147483648,0.00,0.00,93.25,65.09,223.99,1.43,35.81,0.03,0.65,4.13,0.10,14.35,2.30,97.70,0.00,100.00,0.00,0.00,0.00,0.00,-nan,0.08,0.03,1.43,0.02,0.80,0.03,0.15,0.80,0.83,0.0006,0.0031,     0,0,0,0.02,0.01,-2147483648,0.00,0.00,N/A,49.09,34.34,223.99,1.43,35.74,0.03,0.68,0.02,1.44,0.02,0.78,0.03,0.14,0.82,0.84,0.0006,0.0033,     0,0,0,0.00,0.00,-2147483648,0.00,0.00,N/A,44.15,30.76,223.99,1.44,35.89,0.02,0.62,0.79,0.39,  0%,  0%,1.50,1.44,  1%,  1%,2.72,2.79,  2%,  2%,4.49,4.35,  3%,  3%,2.39,97.61,0.00,100.00,0.00,0.00,2.21,97.79,0.00,100.00,0.00,0.00,0.00,0.00,0.00 ,0.00 ,-nan ,-nan ,0.08,0.09,0.01,0.28,0.02,1.00,0.01,0.03,0.79,0.30,0.0040,0.0191,     0,0,0,2.40,97.60,0.00,N/A,1.50,5.37,223.99,0.28,6.97,0.01,0.17,0.00,0.47,0.00,1.00,0.00,0.00,0.30,0.77,0.0018,0.0039,     0,0,0,0.17,99.83,0.00,N/A,0.18,0.38,223.99,0.47,11.71,0.00,0.02,0.05,1.88,0.03,0.75,0.01,0.03,0.82,0.87,0.0005,0.0029,     0,0,0,3.67,96.33,0.00,N/A,11.61,6.17,223.99,1.88,47.05,0.05,1.30,0.01,1.25,0.01,1.00,0.00,0.00,0.41,0.89,0.0003,0.0008,     0,0,0,0.93,99.07,0.00,N/A,2.60,2.07,223.99,1.25,31.29,0.01,0.29,0.04,1.56,0.03,0.75,0.01,0.03,0.81,0.85,0.0007,0.0034,     0,0,0,3.66,96.34,0.00,N/A,9.60,6.15,223.99,1.56,39.02,0.04,1.07,0.04,1.58,0.03,0.75,0.01,0.04,0.81,0.84,0.0007,0.0036,     0,0,0,3.65,96.35,0.00,N/A,9.68,6.11,223.99,1.58,39.62,0.04,1.08,0.05,1.83,0.03,0.70,0.00,0.02,0.85,0.85,0.0002,0.0016,     0,0,0,3.64,96.36,0.00,N/A,10.43,5.69,223.99,1.83,45.81,0.05,1.17,0.02,1.46,0.01,1.00,0.00,0.00,0.65,0.91,0.0002,0.0006,     0,0,0,1.06,98.94,0.00,N/A,3.51,2.40,223.99,1.46,36.55,0.02,0.39,0.01,0.29,0.02,1.00,0.00,0.03,0.82,0.32,0.0035,0.0194,     0,0,0,2.13,97.87,0.00,N/A,1.37,4.77,223.99,0.29,7.20,0.01,0.15,0.05,1.72,0.03,0.75,0.00,0.03,0.85,0.88,0.0004,0.0029,     0,0,0,3.80,96.20,0.00,N/A,10.58,6.14,223.99,1.72,43.06,0.05,1.23,0.00,0.57,0.00,1.00,0.00,0.00,0.10,0.67,0.0019,0.0028,     0,0,0,0.25,99.75,0.00,N/A,0.32,0.56,223.99,0.57,14.31,0.00,0.04,0.05,1.68,0.03,0.75,0.01,0.03,0.84,0.86,0.0005,0.0031,     0,0,0,3.67,96.33,0.00,N/A,10.33,6.17,223.99,1.68,41.88,0.05,1.15,0.00,0.37,0.00,1.00,0.00,0.00,0.30,0.66,0.0030,0.0070,     0,0,0,0.08,99.92,0.00,N/A,0.06,0.17,223.99,0.37,9.22,0.00,0.01,0.05,1.85,0.03,0.70,0.00,0.02,0.89,0.87,0.0002,0.0015,     0,0,0,3.64,96.36,0.00,N/A,10.57,5.72,223.99,1.85,46.23,0.05,1.18,0.05,1.70,0.03,0.75,0.01,0.04,0.81,0.85,0.0006,0.0034,     0,0,0,3.66,96.34,0.00,N/A,10.42,6.14,223.99,1.70,42.39,0.05,1.16,0.00,0.46,0.00,1.00,0.00,0.00,0.24,0.64,0.0045,0.0068,     0,0,0,0.48,99.52,0.00,N/A,0.50,1.09,223.99,0.46,11.48,0.00,0.06,
2024-03-21,11:16:13.058,0.05,1.85,0.03,0.86,0.09,0.21,0.56,0.83,0.0005,0.0012,0.09,0.07,-2147483648,0.00,0.00,170.50,92.29,220.40,1.85,46.18,0.05,1.21,6.51,0.04,23.13,3.03,96.97,0.00,100.00,0.00,0.00,0.00,0.00,-nan,0.08,0.05,1.82,0.03,0.87,0.04,0.11,0.58,0.83,0.0005,0.0012,     0,0,0,0.06,0.04,-2147483648,0.00,0.00,N/A,88.15,48.53,220.40,1.82,45.42,0.05,1.25,0.05,1.88,0.02,0.85,0.05,0.10,0.54,0.82,0.0006,0.0013,     0,0,0,0.03,0.03,-2147483648,0.00,0.00,N/A,82.35,43.77,220.40,1.88,47.04,0.05,1.17,2.95,3.01,  2%,  2%,0.31,0.24,  0%,  0%,8.18,8.70,  7%,  8%,3.20,3.06,  2%,  2%,3.16,96.84,0.00,100.00,0.00,0.00,2.91,97.09,0.00,100.00,0.00,0.00,0.00,0.00,0.00 ,0.00 ,-nan ,-nan ,0.08,0.08,0.01,0.49,0.03,1.00,0.00,0.03,0.92,0.37,0.0008,0.0107,     0,0,0,2.84,97.16,0.00,N/A,3.07,6.27,220.40,0.49,12.25,0.01,0.35,0.01,0.92,0.01,1.00,0.00,0.00,0.21,0.75,0.0009,0.0012,     0,0,0,1.44,98.56,0.00,N/A,2.90,3.16,220.40,0.92,22.88,0.01,0.33,0.08,2.27,0.04,0.80,0.01,0.02,0.47,0.88,0.0005,0.0010,     0,0,0,4.68,95.32,0.00,N/A,18.67,8.24,220.40,2.27,56.64,0.08,2.12,0.01,1.17,0.01,0.72,0.00,0.00,0.50,0.90,0.0008,0.0018,     0,0,0,1.38,98.62,0.00,N/A,2.57,2.19,220.40,1.17,29.36,0.01,0.29,0.07,2.08,0.03,0.92,0.01,0.01,0.39,0.88,0.0004,0.0007,     0,0,0,3.77,96.23,0.00,N/A,15.87,7.61,220.40,2.08,52.09,0.07,1.80,0.09,2.35,0.04,0.80,0.01,0.02,0.45,0.87,0.0005,0.0010,     0,0,0,4.68,95.32,0.00,N/A,19.38,8.24,220.40,2.35,58.80,0.09,2.20,0.08,2.53,0.03,0.83,0.01,0.01,0.45,0.84,0.0003,0.0005,     0,0,0,3.75,96.25,0.00,N/A,17.41,6.89,220.40,2.53,63.17,0.08,1.98,0.04,1.40,0.03,1.00,0.00,0.01,0.33,0.91,0.0005,0.0007,     0,0,0,2.71,97.29,0.00,N/A,8.29,5.92,220.40,1.40,35.02,0.04,0.95,0.01,0.28,0.02,1.00,0.00,0.03,0.91,0.32,0.0016,0.0191,     0,0,0,2.25,97.75,0.00,N/A,1.39,4.96,220.40,0.28,7.01,0.01,0.16,0.09,2.37,0.04,0.80,0.01,0.02,0.48,0.86,0.0005,0.0010,     0,0,0,4.67,95.33,0.00,N/A,19.48,8.22,220.40,2.37,59.24,0.09,2.22,0.01,0.66,0.01,1.00,0.00,0.00,0.17,0.67,0.0015,0.0020,     0,0,0,0.78,99.22,0.00,N/A,1.13,1.72,220.40,0.66,16.53,0.01,0.13,0.09,2.35,0.04,0.80,0.01,0.02,0.44,0.88,0.0006,0.0010,     0,0,0,4.68,95.32,0.00,N/A,19.32,8.23,220.40,2.35,58.68,0.09,2.20,0.01,0.74,0.01,1.00,0.00,0.01,0.20,0.69,0.0019,0.0025,     0,0,0,1.43,98.57,0.00,N/A,2.35,3.17,220.40,0.74,18.60,0.01,0.27,0.08,2.55,0.03,0.83,0.00,0.01,0.49,0.87,0.0003,0.0005,     0,0,0,3.76,96.24,0.00,N/A,17.58,6.89,220.40,2.55,63.81,0.08,2.00,0.09,2.35,0.04,0.80,0.01,0.02,0.44,0.88,0.0005,0.0009,     0,0,0,4.68,95.32,0.00,N/A,19.37,8.24,220.40,2.35,58.79,0.09,2.20,0.01,0.73,0.01,1.00,0.00,0.01,0.16,0.58,0.0024,0.0030,     0,0,0,1.07,98.93,0.00,N/A,1.71,2.35,220.40,0.73,18.24,0.01,0.19,
2024-03-21,11:16:13.154,0.02,1.13,0.02,0.76,0.06,0.21,0.72,0.80,0.0009,0.0032,0.03,0.02,-2147483648,0.00,0.00,66.38,58.91,203.83,1.13,28.17,0.02,0.51,6.39,0.13,13.38,2.36,97.64,0.00,100.00,0.00,0.00,0.00,0.00,-nan,0.08,0.02,1.19,0.02,0.77,0.02,0.11,0.76,0.80,0.0007,0.0029,     0,0,0,0.00,0.00,-2147483648,0.00,0.00,N/A,36.29,30.55,203.83,1.19,29.70,0.02,0.56,0.02,1.06,0.02,0.76,0.03,0.11,0.68,0.80,0.0011,0.0036,     0,0,0,0.02,0.02,-2147483648,0.00,0.00,N/A,30.09,28.35,203.83,1.06,26.53,0.02,0.46,0.20,0.30,  0%,  0%,2.98,2.91,  2%,  2%,0.48,0.78,  0%,  0%,6.22,5.90,  5%,  4%,2.44,97.56,0.00,100.00,0.00,0.00,2.28,97.72,0.00,100.00,0.00,0.00,0.00,0.00,0.00 ,0.00 ,-nan ,-nan ,0.08,0.08,0.01,0.29,0.02,1.00,0.00,0.03,0.83,0.27,0.0035,0.0207,     0,0,0,2.08,97.92,0.00,N/A,1.25,4.24,203.83,0.29,7.36,0.01,0.15,0.01,1.35,0.00,1.00,0.00,0.00,0.24,0.59,0.0002,0.0003,     0,0,0,0.46,99.54,0.00,N/A,1.25,0.93,203.83,1.35,33.67,0.01,0.15,0.03,1.39,0.02,0.67,0.00,0.01,0.90,0.85,0.0002,0.0021,     0,0,0,3.01,96.99,0.00,N/A,5.70,4.10,203.83,1.39,34.81,0.03,0.70,0.03,1.33,0.02,0.67,0.00,0.02,0.85,0.85,0.0004,0.0026,     0,0,0,3.75,96.25,0.00,N/A,6.78,5.11,203.83,1.33,33.18,0.03,0.83,0.01,1.05,0.01,1.00,0.00,0.00,0.16,0.56,0.0004,0.0007,     0,0,0,0.67,99.33,0.00,N/A,1.44,1.37,203.83,1.05,26.23,0.01,0.18,0.03,1.38,0.02,0.67,0.00,0.01,0.87,0.87,0.0003,0.0019,     0,0,0,3.01,96.99,0.00,N/A,5.66,4.10,203.83,1.38,34.50,0.03,0.69,0.03,1.26,0.03,0.67,0.01,0.03,0.64,0.79,0.0017,0.0047,     0,0,0,3.99,96.01,0.00,N/A,6.88,5.44,203.83,1.26,31.60,0.03,0.84,0.04,1.39,0.03,1.00,0.00,0.00,0.42,0.89,0.0004,0.0007,     0,0,0,2.58,97.42,0.00,N/A,7.34,5.26,203.83,1.39,34.84,0.04,0.90,0.01,0.28,0.02,1.00,0.01,0.03,0.81,0.32,0.0036,0.0195,     0,0,0,2.44,97.56,0.00,N/A,1.37,4.96,203.83,0.28,6.93,0.01,0.17,0.03,1.35,0.02,0.67,0.00,0.01,0.84,0.85,0.0003,0.0021,     0,0,0,3.00,97.00,0.00,N/A,5.54,4.09,203.83,1.35,33.82,0.03,0.68,0.00,0.37,0.00,1.00,0.00,0.00,0.24,0.66,0.0029,0.0055,     0,0,0,0.22,99.78,0.00,N/A,0.17,0.45,203.83,0.37,9.32,0.00,0.02,0.03,1.38,0.02,0.67,0.00,0.01,0.81,0.89,0.0005,0.0026,     0,0,0,3.00,97.00,0.00,N/A,5.66,4.09,203.83,1.38,34.60,0.03,0.69,0.02,0.95,0.02,1.00,0.01,0.01,0.21,0.65,0.0015,0.0020,     0,0,0,2.39,97.61,0.00,N/A,4.60,4.83,203.83,0.95,23.78,0.02,0.57,0.03,1.27,0.03,0.67,0.01,0.03,0.54,0.80,0.0020,0.0045,     0,0,0,4.00,96.00,0.00,N/A,6.92,5.45,203.83,1.27,31.75,0.03,0.85,0.03,1.39,0.02,0.67,0.00,0.01,0.87,0.87,0.0003,0.0021,     0,0,0,3.00,97.00,0.00,N/A,5.67,4.09,203.83,1.39,34.66,0.03,0.69,0.00,0.40,0.00,1.00,0.00,0.00,0.33,0.58,0.0043,0.0077,     0,0,0,0.19,99.81,0.00,N/A,0.15,0.38,203.83,0.40,10.04,0.00,0.02,
2024-03-21,11:16:13.255,0.04,1.76,0.02,0.88,0.05,0.12,0.60,0.83,0.0004,0.0010,0.02,0.01,-2147483648,0.00,0.00,125.10,70.91,210.64,1.76,44.10,0.04,0.93,3.13,0.10,13.02,2.40,97.60,0.00,100.00,0.00,0.00,0.00,0.00,-nan,0.10,0.04,1.76,0.02,0.87,0.02,0.06,0.61,0.81,0.0004,0.0010,     0,0,0,0.02,0.00,-2147483648,0.00,0.00,N/A,64.32,36.63,210.64,1.76,43.90,0.04,0.95,0.04,1.77,0.02,0.89,0.02,0.06,0.59,0.85,0.0004,0.0010,     0,0,0,0.00,0.01,-2147483648,0.00,0.00,N/A,60.78,34.28,210.64,1.77,44.32,0.04,0.90,1.09,1.85,  1%,  1%,0.15,0.06,  0%,  0%,3.58,2.83,  3%,  2%,3.39,3.23,  2%,  2%,2.50,97.50,0.00,100.00,0.00,0.00,2.30,97.70,0.00,100.00,0.00,0.00,0.00,0.00,0.00 ,0.00 ,-nan ,-nan ,0.10,0.10,0.01,0.28,0.02,1.00,0.00,0.03,0.94,0.30,0.0012,0.0196,     0,0,0,2.31,97.69,0.00,N/A,1.36,4.87,210.64,0.28,6.97,0.01,0.16,0.01,1.13,0.01,1.00,0.00,0.00,0.46,0.73,0.0009,0.0017,     0,0,0,0.62,99.38,0.00,N/A,1.48,1.31,210.64,1.13,28.28,0.01,0.18,0.08,2.42,0.03,0.83,0.01,0.01,0.37,0.83,0.0004,0.0006,     0,0,0,3.93,96.07,0.00,N/A,16.70,6.90,210.64,2.42,60.53,0.08,1.98,0.06,1.98,0.03,0.83,0.00,0.00,0.47,0.95,0.0001,0.0003,     0,0,0,3.92,96.08,0.00,N/A,13.64,6.88,210.64,1.98,49.55,0.06,1.62,0.01,1.59,0.01,1.00,0.00,0.00,0.78,0.94,0.0001,0.0004,     0,0,0,0.76,99.24,0.00,N/A,2.56,1.61,210.64,1.59,39.79,0.01,0.30,0.07,2.05,0.03,0.83,0.01,0.01,0.32,0.87,0.0004,0.0006,     0,0,0,3.92,96.08,0.00,N/A,14.10,6.88,210.64,2.05,51.23,0.07,1.67,0.06,1.98,0.03,0.83,0.00,0.01,0.41,0.89,0.0003,0.0005,     0,0,0,3.92,96.08,0.00,N/A,13.61,6.88,210.64,1.98,49.42,0.06,1.61,0.00,0.67,0.01,1.00,0.00,0.00,0.16,0.51,0.0027,0.0037,     0,0,0,0.62,99.38,0.00,N/A,0.88,1.30,210.64,0.67,16.79,0.00,0.10,0.01,0.30,0.02,1.00,0.00,0.03,0.94,0.33,0.0012,0.0195,     0,0,0,2.16,97.84,0.00,N/A,1.37,4.55,210.64,0.30,7.52,0.01,0.16,0.05,1.83,0.03,0.89,0.00,0.00,0.51,0.96,0.0001,0.0001,     0,0,0,2.95,97.05,0.00,N/A,10.13,5.52,210.64,1.83,45.85,0.05,1.20,0.02,1.27,0.02,0.71,0.01,0.01,0.19,0.93,0.0023,0.0029,     0,0,0,2.26,97.74,0.00,N/A,4.32,3.40,210.64,1.27,31.80,0.02,0.51,0.05,2.62,0.02,1.00,0.00,0.00,0.56,0.75,0.0000,0.0000,     0,0,0,2.00,98.00,0.00,N/A,11.04,4.22,210.64,2.62,65.40,0.05,1.31,0.01,1.28,0.01,0.70,0.00,0.00,0.27,0.87,0.0017,0.0024,     0,0,0,1.08,98.92,0.00,N/A,2.03,1.59,210.64,1.28,31.91,0.01,0.24,0.06,1.98,0.03,0.83,0.00,0.01,0.42,0.90,0.0003,0.0005,     0,0,0,3.91,96.09,0.00,N/A,13.58,6.87,210.64,1.98,49.46,0.06,1.61,0.05,2.54,0.02,1.00,0.00,0.00,0.51,0.59,0.0000,0.0000,     0,0,0,2.02,97.98,0.00,N/A,10.83,4.26,210.64,2.54,63.60,0.05,1.29,0.04,1.93,0.02,0.93,0.00,0.01,0.34,0.77,0.0005,0.0007,     0,0,0,1.97,98.03,0.00,N/A,7.47,3.87,210.64,1.93,48.22,0.04,0.89,
2024-03-21,11:16:13.372,0.02,1.16,0.02,0.73,0.15,0.33,0.56,0.87,0.0017,0.0040,0.14,0.11,-2147483648,0.00,0.00,84.57,73.18,226.12,1.16,28.89,0.02,0.56,6.84,0.03,14.60,2.67,97.33,0.00,100.00,0.00,0.00,0.00,0.00,-nan,0.07,0.02,1.10,0.02,0.72,0.07,0.17,0.57,0.86,0.0018,0.0043,     0,0,0,0.07,0.05,-2147483648,0.00,0.00,N/A,38.94,35.45,226.12,1.10,27.46,0.02,0.51,0.02,1.21,0.02,0.73,0.07,0.17,0.55,0.87,0.0016,0.0036,     0,0,0,0.07,0.06,-2147483648,0.00,0.00,N/A,45.63,37.73,226.12,1.21,30.23,0.02,0.61,1.56,1.57,  1%,  1%,1.90,1.80,  1%,  1%,3.65,3.96,  3%,  3%,3.56,3.43,  2%,  2%,2.59,97.41,0.00,100.00,0.00,0.00,2.75,97.25,0.00,100.00,0.00,0.00,0.00,0.00,0.00 ,0.00 ,-nan ,-nan ,0.07,0.07,0.01,0.28,0.03,1.00,0.00,0.03,0.90,0.30,0.0020,0.0198,     0,0,0,2.65,97.35,0.00,N/A,1.68,6.00,226.12,0.28,7.00,0.01,0.19,0.02,1.30,0.02,0.67,0.01,0.03,0.52,0.87,0.0026,0.0053,     0,0,0,2.53,97.47,0.00,N/A,5.48,4.23,226.12,1.30,32.40,0.02,0.55,0.04,1.37,0.03,0.67,0.02,0.03,0.48,0.90,0.0017,0.0033,     0,0,0,4.13,95.87,0.00,N/A,9.34,6.82,226.12,1.37,34.25,0.04,0.94,0.04,1.28,0.03,0.67,0.02,0.04,0.49,0.88,0.0021,0.0041,     0,0,0,4.14,95.86,0.00,N/A,8.75,6.82,226.12,1.28,32.05,0.04,0.88,0.00,0.35,0.00,1.00,0.00,0.00,0.27,0.76,0.0017,0.0040,     0,0,0,0.32,99.68,0.00,N/A,0.26,0.73,226.12,0.35,8.83,0.00,0.03,0.04,1.36,0.03,0.67,0.02,0.03,0.47,0.90,0.0017,0.0031,     0,0,0,4.13,95.87,0.00,N/A,9.26,6.82,226.12,1.36,33.96,0.04,0.94,0.02,1.18,0.01,0.71,0.00,0.01,0.46,0.87,0.0010,0.0019,     0,0,0,2.07,97.93,0.00,N/A,3.91,3.30,226.12,1.18,29.61,0.02,0.43,0.00,0.36,0.00,1.00,0.00,0.00,0.28,0.53,0.0028,0.0075,     0,0,0,0.32,99.68,0.00,N/A,0.26,0.73,226.12,0.36,9.10,0.00,0.03,0.01,0.29,0.02,1.00,0.00,0.03,0.91,0.33,0.0017,0.0191,     0,0,0,2.16,97.84,0.00,N/A,1.43,4.88,226.12,0.29,7.32,0.01,0.16,0.04,1.36,0.03,0.67,0.02,0.03,0.47,0.90,0.0018,0.0034,     0,0,0,4.16,95.84,0.00,N/A,9.28,6.82,226.12,1.36,34.02,0.04,0.94,0.01,1.22,0.01,0.68,0.00,0.00,0.43,0.83,0.0013,0.0024,     0,0,0,0.94,99.06,0.00,N/A,1.74,1.43,226.12,1.22,30.50,0.01,0.19,0.03,1.35,0.02,0.75,0.01,0.03,0.51,0.87,0.0017,0.0035,     0,0,0,3.30,96.70,0.00,N/A,8.27,6.12,226.12,1.35,33.78,0.03,0.84,0.04,1.38,0.03,0.67,0.01,0.03,0.49,0.90,0.0016,0.0031,     0,0,0,4.54,95.46,0.00,N/A,9.40,6.81,226.12,1.38,34.51,0.04,1.04,0.03,1.40,0.02,0.79,0.00,0.01,0.46,0.91,0.0006,0.0011,     0,0,0,2.94,97.06,0.00,N/A,7.36,5.27,226.12,1.40,34.96,0.03,0.82,0.02,1.36,0.02,0.67,0.01,0.02,0.52,0.88,0.0021,0.0045,     0,0,0,2.49,97.51,0.00,N/A,5.58,4.11,226.12,1.36,33.94,0.02,0.56,0.01,1.11,0.01,0.77,0.01,0.01,0.37,0.81,0.0027,0.0044,     0,0,0,1.32,98.68,0.00,N/A,2.56,2.30,226.12,1.11,27.83,0.01,0.28,
2024-03-21,11:16:13.478,0.03,1.43,0.02,0.82,0.03,0.18,0.85,0.79,0.0003,0.0021,0.03,0.02,-2147483648,0.00,0.00,86.82,60.90,199.41,1.43,35.64,0.03,0.70,6.28,0.13,15.19,2.41,97.59,0.00,100.00,0.00,0.00,0.00,0.00,-nan,0.09,0.03,1.44,0.02,0.81,0.01,0.08,0.85,0.79,0.0003,0.0020,     0,0,0,0.02,0.01,-2147483648,0.00,0.00,N/A,40.32,28.06,199.41,1.44,35.92,0.03,0.67,0.03,1.42,0.02,0.83,0.01,0.10,0.86,0.79,0.0003,0.0022,     0,0,0,0.01,0.01,-2147483648,0.00,0.00,N/A,46.50,32.84,199.41,1.42,35.40,0.03,0.74,1.94,2.02,  2%,  2%,1.18,1.15,  1%,  1%,4.43,4.92,  4%,  5%,3.00,2.83,  2%,  2%,2.29,97.71,0.00,100.00,0.00,0.00,2.52,97.48,0.00,100.00,0.00,0.00,0.00,0.00,0.00 ,0.00 ,-nan ,-nan ,0.09,0.08,0.01,0.35,0.02,1.00,0.00,0.03,0.88,0.27,0.0017,0.0151,     0,0,0,2.38,97.62,0.00,N/A,1.68,4.74,199.41,0.35,8.85,0.01,0.21,0.06,2.16,0.03,0.79,0.00,0.01,0.97,0.84,0.0000,0.0006,     0,0,0,3.47,96.53,0.00,N/A,10.52,4.87,199.41,2.16,54.01,0.06,1.49,0.01,1.29,0.01,0.69,0.00,0.00,0.81,0.86,0.0004,0.0022,     0,0,0,1.21,98.79,0.00,N/A,1.90,1.47,199.41,1.29,32.26,0.01,0.27,0.04,1.32,0.03,0.77,0.00,0.02,0.75,0.83,0.0007,0.0030,     0,0,0,3.53,96.47,0.00,N/A,6.36,4.82,199.41,1.32,32.99,0.04,0.90,0.06,2.09,0.03,0.89,0.00,0.00,0.95,0.86,0.0000,0.0004,     0,0,0,3.16,96.84,0.00,N/A,11.76,5.62,199.41,2.09,52.29,0.06,1.47,0.01,1.20,0.01,0.70,0.00,0.00,0.78,0.86,0.0005,0.0022,     0,0,0,1.25,98.75,0.00,N/A,1.85,1.54,199.41,1.20,30.00,0.01,0.26,0.03,1.31,0.02,0.73,0.00,0.02,0.88,0.85,0.0003,0.0030,     0,0,0,3.08,96.92,0.00,N/A,5.88,4.48,199.41,1.31,32.84,0.03,0.74,0.00,0.73,0.00,1.00,0.00,0.00,0.29,0.61,0.0018,0.0039,     0,0,0,0.26,99.74,0.00,N/A,0.38,0.52,199.41,0.73,18.20,0.00,0.05,0.01,0.45,0.03,0.92,0.01,0.04,0.85,0.39,0.0019,0.0130,     0,0,0,3.17,96.83,0.00,N/A,3.19,7.11,199.41,0.45,11.22,0.01,0.33,0.07,2.02,0.03,0.75,0.00,0.02,0.76,0.85,0.0003,0.0013,     0,0,0,4.59,95.41,0.00,N/A,12.47,6.19,199.41,2.02,50.38,0.07,1.75,0.02,1.35,0.01,0.67,0.00,0.01,0.96,0.85,0.0001,0.0025,     0,0,0,2.06,97.94,0.00,N/A,3.68,2.73,199.41,1.35,33.66,0.02,0.46,0.04,1.43,0.03,1.00,0.00,0.00,0.52,0.92,0.0002,0.0005,     0,0,0,2.69,97.31,0.00,N/A,6.80,4.76,199.41,1.43,35.74,0.04,0.96,0.01,1.23,0.01,0.71,0.00,0.00,0.75,0.86,0.0004,0.0018,     0,0,0,1.17,98.83,0.00,N/A,2.05,1.66,199.41,1.23,30.80,0.01,0.26,0.01,1.31,0.01,0.69,0.00,0.01,0.98,0.83,0.0001,0.0057,     0,0,0,1.12,98.88,0.00,N/A,2.03,1.55,199.41,1.31,32.73,0.01,0.25,0.06,2.12,0.03,0.86,0.00,0.01,0.95,0.85,0.0000,0.0005,     0,0,0,3.52,96.48,0.00,N/A,11.44,5.39,199.41,2.12,53.08,0.06,1.62,0.02,1.40,0.02,0.84,0.00,0.01,0.92,0.83,0.0001,0.0019,     0,0,0,2.04,97.96,0.00,N/A,4.84,3.46,199.41,1.40,35.04,0.02,0.60,
2024-03-21,11:16:13.561,0.06,2.42,0.03,0.94,0.04,0.10,0.60,0.84,0.0002,0.0005,0.02,0.03,-2147483648,0.00,0.00,213.02,88.14,210.38,2.42,60.42,0.06,1.57,3.19,0.06,13.03,2.76,97.24,0.00,100.00,0.00,0.00,0.00,0.00,-nan,0.08,0.06,2.45,0.02,0.94,0.01,0.05,0.71,0.79,0.0001,0.0005,     0,0,0,0.01,0.00,-2147483648,0.00,0.00,N/A,104.43,42.56,210.38,2.45,61.35,0.06,1.52,0.07,2.38,0.03,0.94,0.03,0.05,0.50,0.87,0.0002,0.0005,     0,0,0,0.02,0.02,-2147483648,0.00,0.00,N/A,108.59,45.58,210.38,2.38,59.56,0.07,1.63,0.21,0.17,  0%,  0%,1.48,1.34,  1%,  1%,0.74,1.25,  0%,  1%,5.68,5.35,  4%,  4%,2.64,97.36,0.00,100.00,0.00,0.00,2.89,97.11,0.00,100.00,0.00,0.00,0.00,0.00,0.00 ,0.00 ,-nan ,-nan ,0.08,0.08,0.01,0.36,0.03,1.00,0.00,0.03,0.93,0.30,0.0010,0.0155,     0,0,0,2.51,97.49,0.00,N/A,1.91,5.27,210.38,0.36,9.04,0.01,0.23,0.10,2.89,0.03,0.92,0.00,0.00,0.43,0.98,0.0000,0.0000,     0,0,0,3.79,96.21,0.00,N/A,21.99,7.60,210.38,2.89,72.33,0.10,2.52,0.01,1.05,0.01,1.00,0.00,0.00,0.06,0.83,0.0011,0.0012,     0,0,0,1.04,98.96,0.00,N/A,2.31,2.20,210.38,1.05,26.26,0.01,0.27,0.13,2.91,0.04,0.93,0.01,0.01,0.36,0.76,0.0002,0.0003,     0,0,0,4.66,95.34,0.00,N/A,27.61,9.50,210.38,2.91,72.68,0.13,3.16,0.10,2.98,0.03,0.92,0.00,0.00,0.49,0.98,0.0000,0.0000,     0,0,0,3.79,96.21,0.00,N/A,22.65,7.60,210.38,2.98,74.54,0.10,2.59,0.03,3.17,0.01,1.00,0.00,0.00,0.74,0.71,0.0000,0.0001,     0,0,0,1.07,98.93,0.00,N/A,7.14,2.25,210.38,3.17,79.14,0.03,0.84,0.06,2.39,0.03,0.89,0.00,0.00,0.31,0.93,0.0001,0.0002,     0,0,0,2.95,97.05,0.00,N/A,13.73,5.75,210.38,2.39,59.64,0.06,1.57,0.03,2.98,0.01,1.00,0.00,0.00,0.35,0.67,0.0001,0.0001,     0,0,0,1.13,98.87,0.00,N/A,7.10,2.38,210.38,2.98,74.56,0.03,0.84,0.01,0.29,0.02,1.00,0.00,0.02,0.94,0.31,0.0012,0.0198,     0,0,0,2.11,97.89,0.00,N/A,1.03,3.51,210.38,0.29,7.31,0.01,0.15,0.10,2.91,0.03,0.92,0.00,0.00,0.36,0.98,0.0000,0.0000,     0,0,0,3.80,96.20,0.00,N/A,22.14,7.60,210.38,2.91,72.78,0.10,2.53,0.13,2.83,0.04,0.93,0.01,0.01,0.15,0.91,0.0003,0.0004,     0,0,0,4.75,95.25,0.00,N/A,27.37,9.68,210.38,2.83,70.66,0.13,3.13,0.01,1.15,0.01,1.00,0.00,0.01,0.43,0.67,0.0010,0.0018,     0,0,0,1.19,98.81,0.00,N/A,2.91,2.52,210.38,1.15,28.85,0.01,0.34,0.07,2.89,0.03,0.89,0.00,0.00,0.43,0.98,0.0000,0.0000,     0,0,0,2.85,97.15,0.00,N/A,16.03,5.54,210.38,2.89,72.29,0.07,1.84,0.11,3.01,0.04,0.92,0.01,0.01,0.11,0.93,0.0003,0.0004,     0,0,0,4.06,95.94,0.00,N/A,24.63,8.19,210.38,3.01,75.17,0.11,2.82,0.07,2.05,0.03,1.00,0.00,0.00,0.33,0.92,0.0002,0.0003,     0,0,0,3.23,96.77,0.00,N/A,13.99,6.82,210.38,2.05,51.27,0.07,1.66,0.00,0.29,0.01,1.00,0.00,0.00,0.32,0.62,0.0032,0.0060,     0,0,0,0.82,99.18,0.00,N/A,0.49,1.70,210.38,0.29,7.20,0.00,0.06,
2024-03-21,11:16:13.658,0.02,1.17,0.02,0.76,0.09,0.18,0.48,0.89,0.0012,0.0024,0.13,0.11,-2147483648,0.00,0.00,73.49,63.05,211.93,1.17,29.14,0.02,0.55,4.94,0.02,12.22,2.47,97.53,0.00,100.00,0.00,0.00,0.00,0.00,-nan,0.08,0.02,1.17,0.02,0.76,0.05,0.09,0.49,0.89,0.0013,0.0027,     0,0,0,0.08,0.06,-2147483648,0.00,0.00,N/A,34.39,29.49,211.93,1.17,29.15,0.02,0.52,0.02,1.17,0.02,0.77,0.05,0.09,0.47,0.89,0.0012,0.0022,     0,0,0,0.05,0.05,-2147483648,0.00,0.00,N/A,39.10,33.56,211.93,1.17,29.13,0.02,0.59,1.34,1.29,  1%,  1%,1.19,1.12,  0%,  0%,2.92,2.52,  2%,  2%,3.48,3.29,  2%,  2%,2.33,97.67,0.00,100.00,0.00,0.00,2.62,97.38,0.00,100.00,0.00,0.00,0.00,0.00,0.00 ,0.00 ,-nan ,-nan ,0.08,0.08,0.01,0.30,0.03,1.00,0.00,0.03,0.94,0.27,0.0013,0.0204,     0,0,0,2.63,97.37,0.00,N/A,1.65,5.58,211.93,0.30,7.39,0.01,0.19,0.04,1.37,0.03,0.67,0.01,0.01,0.26,0.92,0.0013,0.0018,     0,0,0,4.00,96.00,0.00,N/A,7.50,5.46,211.93,1.37,34.34,0.04,0.92,0.03,1.42,0.02,0.78,0.01,0.01,0.14,0.94,0.0013,0.0015,     0,0,0,2.98,97.02,0.00,N/A,7.03,4.94,211.93,1.42,35.60,0.03,0.83,0.01,1.41,0.01,0.69,0.01,0.01,0.11,0.93,0.0039,0.0044,     0,0,0,1.09,98.91,0.00,N/A,2.18,1.54,211.93,1.41,35.30,0.01,0.27,0.04,1.38,0.03,0.75,0.01,0.01,0.32,0.89,0.0011,0.0017,     0,0,0,4.01,95.99,0.00,N/A,8.55,6.18,211.93,1.38,34.62,0.04,1.04,0.00,0.61,0.00,1.00,0.00,0.00,0.34,0.80,0.0017,0.0042,     0,0,0,0.07,99.93,0.00,N/A,0.10,0.16,211.93,0.61,15.17,0.00,0.01,0.03,1.39,0.02,0.67,0.01,0.01,0.30,0.94,0.0009,0.0013,     0,0,0,3.67,96.33,0.00,N/A,6.98,5.01,211.93,1.39,34.83,0.03,0.85,0.00,0.63,0.00,1.00,0.00,0.00,0.40,0.61,0.0018,0.0042,     0,0,0,0.29,99.71,0.00,N/A,0.39,0.62,211.93,0.63,15.74,0.00,0.05,0.01,0.28,0.02,1.00,0.00,0.03,0.93,0.31,0.0013,0.0198,     0,0,0,2.31,97.69,0.00,N/A,1.37,4.89,211.93,0.28,7.01,0.01,0.16,0.04,1.37,0.03,0.75,0.01,0.01,0.27,0.90,0.0011,0.0015,     0,0,0,4.02,95.98,0.00,N/A,8.47,6.18,211.93,1.37,34.25,0.04,1.03,0.03,1.39,0.02,0.67,0.01,0.01,0.18,0.92,0.0021,0.0026,     0,0,0,3.00,97.00,0.00,N/A,5.70,4.10,211.93,1.39,34.76,0.03,0.70,0.03,1.44,0.02,0.67,0.00,0.00,0.34,0.98,0.0003,0.0004,     0,0,0,2.92,97.08,0.00,N/A,5.97,4.14,211.93,1.44,36.05,0.03,0.70,0.04,1.42,0.03,0.67,0.01,0.02,0.20,0.93,0.0018,0.0023,     0,0,0,4.01,95.99,0.00,N/A,7.80,5.48,211.93,1.42,35.54,0.04,0.95,0.01,1.07,0.01,0.72,0.00,0.00,0.49,0.91,0.0008,0.0017,     0,0,0,0.97,99.03,0.00,N/A,1.52,1.42,211.93,1.07,26.69,0.01,0.19,0.03,1.48,0.02,1.00,0.00,0.00,0.45,0.91,0.0003,0.0006,     0,0,0,2.13,97.87,0.00,N/A,6.67,4.52,211.93,1.48,36.94,0.03,0.79,0.01,0.57,0.01,0.81,0.00,0.01,0.39,0.83,0.0018,0.0033,     0,0,0,1.65,98.35,0.00,N/A,1.60,2.82,211.93,0.57,14.17,0.01,0.19,
2024-03-21,11:16:13.760,0.02,1.17,0.02,0.74,0.18,0.32,0.42,0.87,0.0025,0.0044,0.09,0.06,-2147483648,0.00,0.00,72.86,62.27,212.15,1.17,29.25,0.02,0.54,5.36,0.04,12.87,2.48,97.52,0.00,100.00,0.00,0.00,0.00,0.00,-nan,0.10,0.02,1.13,0.02,0.72,0.10,0.17,0.41,0.86,0.0031,0.0053,     0,0,0,0.06,0.03,-2147483648,0.00,0.00,N/A,32.70,28.87,212.15,1.13,28.32,0.02,0.48,0.02,1.20,0.02,0.75,0.08,0.15,0.44,0.88,0.0020,0.0036,     0,0,0,0.03,0.03,-2147483648,0.00,0.00,N/A,40.16,33.41,212.15,1.20,30.05,0.02,0.59,1.79,1.30,  1%,  1%,1.20,1.07,  0%,  0%,3.41,2.60,  3%,  2%,3.54,3.31,  2%,  2%,2.36,97.64,0.00,100.00,0.00,0.00,2.61,97.39,0.00,100.00,0.00,0.00,0.00,0.00,0.00 ,0.00 ,-nan ,-nan ,0.10,0.10,0.01,0.33,0.02,1.00,0.00,0.03,0.93,0.29,0.0013,0.0182,     0,0,0,2.28,97.72,0.00,N/A,1.58,4.84,212.15,0.33,8.15,0.01,0.19,0.03,1.31,0.03,0.67,0.03,0.04,0.34,0.87,0.0037,0.0056,     0,0,0,3.87,96.13,0.00,N/A,7.14,5.47,212.15,1.31,32.63,0.03,0.84,0.03,1.32,0.03,0.67,0.02,0.03,0.31,0.86,0.0028,0.0040,     0,0,0,3.87,96.13,0.00,N/A,7.24,5.48,212.15,1.32,33.05,0.03,0.85,0.00,0.40,0.00,1.00,0.00,0.00,0.43,0.67,0.0010,0.0046,     0,0,0,0.12,99.88,0.00,N/A,0.10,0.26,212.15,0.40,10.02,0.00,0.01,0.03,1.33,0.03,0.67,0.03,0.04,0.30,0.86,0.0039,0.0056,     0,0,0,3.87,96.13,0.00,N/A,7.27,5.47,212.15,1.33,33.25,0.03,0.86,0.00,0.35,0.00,1.00,0.00,0.00,0.31,0.59,0.0018,0.0062,     0,0,0,0.17,99.83,0.00,N/A,0.13,0.37,212.15,0.35,8.70,0.00,0.02,0.04,1.47,0.03,0.67,0.02,0.03,0.27,0.92,0.0026,0.0035,     0,0,0,4.19,95.81,0.00,N/A,8.73,5.92,212.15,1.47,36.85,0.04,1.03,0.00,0.48,0.00,1.00,0.00,0.00,0.31,0.56,0.0021,0.0049,     0,0,0,0.50,99.50,0.00,N/A,0.50,1.05,212.15,0.48,11.89,0.00,0.06,0.01,0.29,0.02,1.00,0.00,0.03,0.93,0.33,0.0014,0.0191,     0,0,0,2.25,97.75,0.00,N/A,1.40,4.77,212.15,0.29,7.37,0.01,0.17,0.03,1.32,0.03,0.67,0.03,0.04,0.32,0.87,0.0038,0.0056,     0,0,0,3.87,96.13,0.00,N/A,7.21,5.47,212.15,1.32,32.97,0.03,0.85,0.04,1.41,0.03,0.67,0.01,0.01,0.33,0.94,0.0009,0.0014,     0,0,0,3.86,96.14,0.00,N/A,7.69,5.46,212.15,1.41,35.21,0.04,0.91,0.03,1.34,0.03,0.67,0.03,0.04,0.32,0.89,0.0035,0.0052,     0,0,0,3.87,96.13,0.00,N/A,7.32,5.47,212.15,1.34,33.47,0.03,0.86,0.03,1.35,0.03,0.67,0.02,0.02,0.32,0.91,0.0022,0.0033,     0,0,0,3.87,96.13,0.00,N/A,7.38,5.48,212.15,1.35,33.66,0.03,0.87,0.00,1.07,0.00,1.00,0.00,0.00,0.28,0.50,0.0006,0.0013,     0,0,0,0.38,99.62,0.00,N/A,0.87,0.81,212.15,1.07,26.82,0.00,0.10,0.04,1.47,0.03,1.00,0.00,0.00,0.46,0.91,0.0003,0.0005,     0,0,0,2.52,97.48,0.00,N/A,7.89,5.38,212.15,1.47,36.68,0.04,0.92,0.00,0.67,0.00,1.00,0.00,0.00,0.35,0.71,0.0019,0.0034,     0,0,0,0.27,99.73,0.00,N/A,0.38,0.57,212.15,0.67,16.78,0.00,0.04,
2024-03-21,11:16:13.864,0.02,1.15,0.02,0.76,0.09,0.23,0.62,0.84,0.0012,0.0033,0.08,0.08,-2147483648,0.00,0.00,69.85,60.80,211.93,1.15,28.72,0.02,0.51,5.26,0.03,13.53,2.34,97.66,0.00,100.00,0.00,0.00,0.00,0.00,-nan,0.08,0.02,1.13,0.02,0.75,0.04,0.12,0.64,0.83,0.0013,0.0037,     0,0,0,0.02,0.02,-2147483648,0.00,0.00,N/A,32.39,28.77,211.93,1.13,28.15,0.02,0.47,0.02,1.17,0.02,0.77,0.04,0.11,0.60,0.84,0.0012,0.0030,     0,0,0,0.06,0.06,-2147483648,0.00,0.00,N/A,37.45,32.03,211.93,1.17,29.24,0.02,0.55,1.13,0.78,  1%,  0%,1.72,1.63,  1%,  1%,1.70,2.65,  1%,  2%,4.69,4.50,  3%,  3%,2.25,97.75,0.00,100.00,0.00,0.00,2.43,97.57,0.00,100.00,0.00,0.00,0.00,0.00,0.00 ,0.00 ,-nan ,-nan ,0.08,0.08,0.01,0.28,0.02,1.00,0.00,0.03,0.86,0.29,0.0027,0.0199,     0,0,0,2.30,97.70,0.00,N/A,1.35,4.88,211.93,0.28,6.94,0.01,0.16,0.02,1.28,0.01,0.76,0.00,0.01,0.48,0.85,0.0010,0.0019,     0,0,0,1.96,98.04,0.00,N/A,3.99,3.12,211.93,1.28,31.94,0.02,0.47,0.01,1.29,0.01,0.72,0.00,0.00,0.49,0.90,0.0008,0.0016,     0,0,0,1.16,98.84,0.00,N/A,2.29,1.77,211.93,1.29,32.29,0.0,,0.27,0.02,1.24,0.02,0.68,0.01,0.02,0.49,0.85,0.0024,0.0047,     0,0,0,2.82,97.18,0.00,N/A,5.24,4.21,211.93,1.24,31.11,0.02,0.60,0.03,1.36,0.02,0.78,0.00,0.01,0.64,0.87,0.0005,0.0014,     0,0,0,2.97,97.03,0.00,N/A,6.65,4.89,211.93,1.36,33.97,0.03,0.79,0.02,1.22,0.01,0.70,0.01,0.02,0.55,0.86,0.0022,0.0049,     0,0,0,1.98,98.02,0.00,N/A,3.70,3.03,211.93,1.22,30.55,0.02,0.42,0.03,1.34,0.02,0.67,0.01,0.03,0.66,0.87,0.0012,0.0036,     0,0,0,3.73,96.27,0.00,N/A,7.30,5.45,211.93,1.34,33.50,0.03,0.83,0.01,1.32,0.01,0.68,0.00,0.00,0.66,0.90,0.0004,0.0013,     0,0,0,1.00,99.00,0.00,N/A,1.88,1.42,211.93,1.32,32.98,0.01,0.22,0.01,0.29,0.02,1.00,0.00,0.03,0.87,0.32,0.0025,0.0195,     0,0,0,2.32,97.68,0.00,N/A,1.41,4.92,211.93,0.29,7.16,0.01,0.17,0.04,1.33,0.03,0.76,0.01,0.03,0.45,0.83,0.0017,0.0031,     0,0,0,3.74,96.26,0.00,N/A,8.32,6.24,211.93,1.33,33.37,0.04,0.95,0.03,1.30,0.03,0.67,0.01,0.02,0.53,0.87,0.0011,0.0023,     0,0,0,3.89,96.11,0.00,N/A,7.09,5.47,211.93,1.30,32.43,0.03,0.84,0.01,1.18,0.01,0.70,0.00,0.01,0.52,0.86,0.0013,0.0029,     0,0,0,1.06,98.94,0.00,N/A,1.84,1.56,211.93,1.18,29.56,0.01,0.22,0.03,1.32,0.03,0.67,0.01,0.02,0.50,0.88,0.0013,0.0026,     0,0,0,3.73,96.27,0.00,N/A,7.25,5.49,211.93,1.32,32.99,0.03,0.83,0.01,1.34,0.01,0.67,0.00,0.00,0.70,0.92,0.0004,0.0015,     0,0,0,0.99,99.01,0.00,N/A,1.89,1.41,211.93,1.34,33.46,0.01,0.22,0.04,1.50,0.02,1.00,0.00,0.00,0.44,0.93,0.0002,0.0004,     0,0,0,2.38,97.62,0.00,N/A,7.50,5.01,211.93,1.50,37.43,0.04,0.89,0.01,1.11,0.01,0.74,0.00,0.01,0.63,0.86,0.0020,0.0054,     0,0,0,1.24,98.76,0.00,N/A,2.14,1.93,211.93,1.11,27.76,0.01,0.25,
2024-03-21,11:16:13.959,0.04,1.79,0.02,0.86,0.03,0.14,0.76,0.79,0.0003,0.0011,0.01,0.01,-2147483648,0.00,0.00,125.17,69.99,208.14,1.79,44.71,0.04,0.95,1.18,0.05,3.47,2.48,97.52,0.00,100.00,0.00,0.00,0.00,0.00,-nan,0.08,0.04,1.81,0.02,0.86,0.00,0.06,0.94,0.80,0.0001,0.0010,     0,0,0,0.01,0.00,-2147483648,0.00,0.00,N/A,59.46,32.76,208.14,1.81,45.37,0.04,0.90,0.04,1.77,0.02,0.86,0.03,0.08,0.63,0.78,0.0004,0.0012,     0,0,0,0.01,0.01,-2147483648,0.00,0.00,N/A,65.71,37.23,208.14,1.77,44.13,0.04,0.99,0.45,0.57,  0%,  0%,0.11,0.04,  0%,  0%,1.29,1.72,  1%,  1%,0.27,0.19,  0%,  0%,2.32,97.68,0.00,100.00,0.00,0.00,2.63,97.37,0.00,100.00,0.00,0.00,0.00,0.00,0.00 ,0.00 ,-nan ,-nan ,0.08,0.08,0.01,0.30,0.02,1.00,0.00,0.03,0.92,0.31,0.0016,0.0199,     0,0,0,2.36,97.64,0.00,N/A,1.46,4.91,208.14,0.30,7.44,0.01,0.18,0.00,0.53,0.00,1.00,0.00,0.00,0.30,0.75,0.0022,0.0046,     0,0,0,0.04,99.96,0.00,N/A,0.05,0.09,208.14,0.53,13.25,0.00,0.01,0.07,2.01,0.03,0.83,0.00,0.01,0.96,0.90,0.0000,0.0005,     0,0,0,3.93,96.07,0.00,N/A,13.72,6.84,208.14,2.01,50.13,0.07,1.64,0.07,1.98,0.03,0.83,0.00,0.01,0.97,0.88,0.0000,0.0009,     0,0,0,4.11,95.89,0.00,N/A,13.62,6.89,208.14,1.98,49.40,0.07,1.70,0.00,0.48,0.00,1.00,0.00,0.00,0.48,0.70,0.0013,0.0043,     0,0,0,0.14,99.86,0.00,N/A,0.14,0.29,208.14,0.48,12.06,0.00,0.02,0.07,2.03,0.03,0.83,0.00,0.01,0.96,0.88,0.0000,0.0005,     0,0,0,4.10,95.90,0.00,N/A,13.95,6.86,208.14,2.03,50.81,0.07,1.74,0.08,2.43,0.03,0.83,0.00,0.01,0.94,0.84,0.0000,0.0004,     0,0,0,4.09,95.91,0.00,N/A,16.49,6.79,208.14,2.43,60.73,0.08,2.05,0.00,0.34,0.00,1.00,0.00,0.00,0.56,0.74,0.0017,0.0050,     0,0,0,0.04,99.96,0.00,N/A,0.03,0.09,208.14,0.34,8.61,0.00,0.00,0.01,0.29,0.02,1.00,0.00,0.03,0.88,0.33,0.0023,0.0193,     0,0,0,2.23,97.77,0.00,N/A,1.35,4.65,208.14,0.29,7.25,0.01,0.16,0.07,2.00,0.03,0.83,0.00,0.01,0.94,0.89,0.0000,0.0005,     0,0,0,4.10,95.90,0.00,N/A,13.59,6.80,208.14,2.00,49.95,0.07,1.69,0.06,1.94,0.03,0.75,0.02,0.03,0.31,0.74,0.0019,0.0028,     0,0,0,3.89,96.11,0.00,N/A,11.88,6.12,208.14,1.94,48.53,0.06,1.42,0.03,1.56,0.02,1.00,0.00,0.00,0.73,0.93,0.0001,0.0005,     0,0,0,1.65,98.35,0.00,N/A,5.40,3.45,208.14,1.56,39.08,0.03,0.64,0.07,1.98,0.03,0.83,0.00,0.01,0.95,0.90,0.0000,0.0004,     0,0,0,4.11,95.89,0.00,N/A,13.60,6.88,208.14,1.98,49.40,0.07,1.69,0.07,2.63,0.03,0.88,0.00,0.00,0.34,0.91,0.0000,0.0001,     0,0,0,3.10,96.90,0.00,N/A,15.06,5.74,208.14,2.63,65.66,0.07,1.80,0.01,1.45,0.01,1.00,0.00,0.00,0.57,0.89,0.0003,0.0007,     0,0,0,0.98,99.02,0.00,N/A,2.95,2.04,208.14,1.45,36.23,0.01,0.35,0.01,1.22,0.01,0.70,0.00,0.01,0.81,0.84,0.0006,0.0030,     0,0,0,1.06,98.94,0.00,N/A,1.88,1.55,208.14,1.22,30.38,0.01,0.22,
2024-03-21,11:16:14.059,0.04,2.09,0.02,0.88,0.09,0.16,0.44,0.78,0.0006,0.0011,0.03,0.04,-2147483648,0.00,0.00,146.39,70.00,210.05,2.09,52.28,0.04,1.09,2.04,0.03,8.04,2.37,97.63,0.00,100.00,0.00,0.00,0.00,0.00,-nan,0.08,0.04,2.15,0.02,0.88,0.02,0.05,0.64,0.80,0.0003,0.0007,     0,0,0,0.00,0.01,-2147483648,0.00,0.00,N/A,71.96,33.50,210.05,2.15,53.70,0.04,1.07,0.04,2.04,0.02,0.88,0.07,0.11,0.34,0.77,0.0010,0.0015,     0,0,0,0.03,0.03,-2147483648,0.00,0.00,N/A,74.43,36.51,210.05,2.04,50.97,0.04,1.11,0.11,0.30,  0%,  0%,0.86,0.77,  0%,  0%,0.86,1.45,  0%,  1%,2.98,2.75,  2%,  2%,2.28,97.72,0.00,100.00,0.00,0.00,2.46,97.54,0.00,100.00,0.00,0.00,0.00,0.00,0.00 ,0.00 ,-nan ,-nan ,0.08,0.08,0.01,0.30,0.02,1.00,0.00,0.03,0.95,0.28,0.0010,0.0207,     0,0,0,2.12,97.88,0.00,N/A,1.33,4.44,210.05,0.30,7.47,0.01,0.16,0.05,2.07,0.02,0.84,0.01,0.01,0.25,0.86,0.0005,0.0007,     0,0,0,2.96,97.04,0.00,N/A,10.77,5.20,210.05,2.07,51.73,0.05,1.28,0.05,2.10,0.02,0.84,0.01,0.01,0.27,0.82,0.0006,0.0008,     0,0,0,2.92,97.08,0.00,N/A,10.81,5.15,210.05,2.10,52.51,0.05,1.29,0.05,2.24,0.02,0.78,0.00,0.00,0.47,0.97,0.0001,0.0002,     0,0,0,2.94,97.06,0.00,N/A,10.78,4.81,210.05,2.24,56.02,0.05,1.28,0.03,2.95,0.01,1.00,0.00,0.00,0.48,0.72,0.0000,0.0001,     0,0,0,1.08,98.92,0.00,N/A,6.69,2.26,210.05,2.95,73.81,0.03,0.80,0.05,2.09,0.02,0.78,0.00,0.01,0.26,0.87,0.0005,0.0006,     0,0,0,2.97,97.03,0.00,N/A,10.18,4.87,210.05,2.09,52.23,0.05,1.21,0.07,3.26,0.02,1.00,0.00,0.00,0.49,0.84,0.0000,0.0000,     0,0,0,2.06,97.94,0.00,N/A,14.14,4.33,210.05,3.26,81.57,0.07,1.68,0.03,3.00,0.01,1.00,0.00,0.00,0.27,0.84,0.0000,0.0001,     0,0,0,1.15,98.85,0.00,N/A,7.27,2.42,210.05,3.00,75.07,0.03,0.86,0.01,0.34,0.02,1.00,0.00,0.03,0.95,0.32,0.0008,0.0165,     0,0,0,2.26,97.74,0.00,N/A,1.60,4.75,210.05,0.34,8.44,0.01,0.19,0.05,2.16,0.02,0.78,0.01,0.01,0.24,0.83,0.0006,0.0008,     0,0,0,2.95,97.05,0.00,N/A,10.44,4.83,210.05,2.16,53.99,0.05,1.24,0.08,2.35,0.03,0.84,0.06,0.06,0.09,0.74,0.0035,0.0038,     0,0,0,3.91,96.09,0.00,N/A,16.13,6.87,210.05,2.35,58.67,0.08,1.92,0.03,1.60,0.02,1.00,0.00,0.00,0.83,0.94,0.0001,0.0004,     0,0,0,1.97,98.03,0.00,N/A,6.62,4.13,210.05,1.60,40.05,0.03,0.79,0.08,2.53,0.03,0.83,0.01,0.01,0.21,0.88,0.0003,0.0004,     0,0,0,3.93,96.07,0.00,N/A,17.46,6.89,210.05,2.53,63.33,0.08,2.08,0.06,3.10,0.02,1.00,0.00,0.00,0.37,0.65,0.0000,0.0000,     0,0,0,1.99,98.01,0.00,N/A,12.97,4.19,210.05,3.10,77.46,0.06,1.54,0.03,3.11,0.01,1.00,0.00,0.00,0.36,0.82,0.0000,0.0001,     0,0,0,1.07,98.93,0.00,N/A,6.98,2.25,210.05,3.11,77.68,0.03,0.83,0.01,0.86,0.01,0.79,0.00,0.00,0.34,0.93,0.0008,0.0014,     0,0,0,1.56,98.44,0.00,N/A,2.24,2.60,210.05,0.86,21.50,0.01,0.27,
2024-03-21,11:16:14.162,0.02,1.11,0.02,0.76,0.10,0.19,0.48,0.82,0.0014,0.0027,0.14,0.12,-2147483648,0.00,0.00,72.71,65.43,211.93,1.11,27.78,0.02,0.54,4.20,0.02,12.08,2.55,97.45,0.00,100.00,0.00,0.00,0.00,0.00,-nan,0.08,0.02,1.16,0.02,0.79,0.04,0.09,0.49,0.82,0.0011,0.0021,     0,0,0,0.06,0.04,-2147483648,0.00,0.00,N/A,42.13,36.46,211.93,1.16,28.89,0.02,0.62,0.02,1.06,0.02,0.72,0.05,0.10,0.46,0.82,0.0018,0.0034,     0,0,0,0.08,0.08,-2147483648,0.00,0.00,N/A,30.58,28.96,211.93,1.06,26.40,0.02,0.45,1.61,1.00,  1%,  0%,0.83,0.75,  0%,  0%,1.91,3.53,  1%,  3%,3.41,3.22,  2%,  2%,2.72,97.28,0.00,100.00,0.00,0.00,2.38,97.62,0.00,100.00,0.00,0.00,0.00,0.00,0.00 ,0.00 ,-nan ,-nan ,0.08,0.08,0.01,0.29,0.02,1.00,0.00,0.03,0.94,0.28,0.0012,0.0199,     0,0,0,2.36,97.64,0.00,N/A,1.43,4.99,211.93,0.29,7.17,0.01,0.17,0.03,1.30,0.02,0.80,0.01,0.01,0.29,0.84,0.0009,0.0013,     0,0,0,3.12,96.88,0.00,N/A,7.01,5.37,211.93,1.30,32.62,0.03,0.81,0.03,1.29,0.03,0.67,0.01,0.01,0.26,0.86,0.0013,0.0018,     0,0,0,3.87,96.13,0.00,N/A,7.07,5.50,211.93,1.29,32.13,0.03,0.83,0.04,1.29,0.03,0.75,0.01,0.01,0.21,0.88,0.0013,0.0016,     0,0,0,3.89,96.11,0.00,N/A,8.01,6.19,211.93,1.29,32.36,0.04,0.95,0.03,1.43,0.02,1.00,0.00,0.00,0.58,0.88,0.0003,0.0007,     0,0,0,2.33,97.,9,0.00,N/A,7.09,4.94,211.93,1.43,35.87,0.03,0.83,0.04,1.28,0.03,0.72,0.01,0.01,0.27,0.88,0.0012,0.0016,     0,0,0,3.87,96.13,0.00,N/A,7.55,5.89,211.93,1.28,32.02,0.04,0.89,0.00,0.63,0.00,1.00,0.00,0.00,0.22,0.79,0.0016,0.0034,     0,0,0,0.26,99.74,0.00,N/A,0.35,0.55,211.93,0.63,15.87,0.00,0.04,0.02,1.20,0.01,0.69,0.01,0.01,0.26,0.88,0.0017,0.0024,     0,0,0,2.07,97.93,0.00,N/A,3.62,3.02,211.93,1.20,29.98,0.02,0.43,0.01,0.42,0.02,0.87,0.00,0.03,0.94,0.48,0.0008,0.0134,     0,0,0,2.64,97.36,0.00,N/A,2.05,4.88,211.93,0.42,10.48,0.01,0.24,0.03,1.25,0.03,0.67,0.01,0.02,0.30,0.87,0.0017,0.0025,     0,0,0,3.88,96.12,0.00,N/A,6.87,5.48,211.93,1.25,31.31,0.03,0.81,0.02,1.23,0.02,0.67,0.01,0.02,0.28,0.83,0.0025,0.0036,     0,0,0,2.95,97.05,0.00,N/A,5.15,4.19,211.93,1.23,30.71,0.02,0.61,0.02,1.16,0.02,0.70,0.01,0.01,0.25,0.90,0.0016,0.0021,     0,0,0,2.17,97.83,0.00,N/A,3.75,3.24,211.93,1.16,28.96,0.02,0.44,0.03,1.27,0.03,0.70,0.01,0.01,0.24,0.89,0.0013,0.0017,     0,0,0,3.87,96.13,0.00,N/A,7.30,5.75,211.93,1.27,31.74,0.03,0.86,0.00,0.83,0.00,1.00,0.00,0.00,0.22,0.81,0.0011,0.0018,     0,0,0,0.16,99.84,0.00,N/A,0.29,0.35,211.93,0.83,20.85,0.00,0.03,0.01,0.98,0.01,0.75,0.01,0.01,0.35,0.77,0.0026,0.0043,     0,0,0,1.27,98.73,0.00,N/A,1.97,2.02,211.93,0.98,24.39,0.01,0.23,0.02,1.05,0.01,0.69,0.01,0.01,0.34,0.81,0.0023,0.0035,     0,0,0,2.09,97.91,0.00,N/A,3.20,3.05,211.93,1.05,26.26,0.02,0.38,
2024-03-21,11:16:14.269,0.02,1.16,0.02,0.74,0.08,0.17,0.50,0.89,0.0012,0.0023,0.16,0.14,-2147483648,0.00,0.00,72.13,62.20,210.27,1.16,28.99,0.02,0.52,4.88,0.02,9.46,2.43,97.57,0.00,100.00,0.00,0.00,0.00,0.00,-nan,0.09,0.02,1.18,0.02,0.76,0.05,0.10,0.47,0.88,0.0013,0.0025,     0,0,0,0.08,0.06,-2147483648,0.00,0.00,N/A,40.08,33.94,210.27,1.18,29.52,0.02,0.58,0.02,1.13,0.02,0.72,0.03,0.07,0.53,0.90,0.0010,0.0021,     0,0,0,0.08,0.07,-2147483648,0.00,0.00,N/A,32.05,28.26,210.27,1.13,28.36,0.02,0.46,0.80,1.43,  0%,  1%,1.37,1.28,  1%,  1%,3.15,2.20,  3%,  2%,2.15,1.96,  1%,  1%,2.60,97.40,0.00,100.00,0.00,0.00,2.26,97.74,0.00,100.00,0.00,0.00,0.00,0.00,0.00 ,0.00 ,-nan ,-nan ,0.08,0.10,0.01,0.30,0.02,1.00,0.00,0.03,0.93,0.27,0.0014,0.0204,     0,0,0,2.33,97.67,0.00,N/A,1.46,4.91,210.27,0.30,7.42,0.01,0.17,0.02,1.51,0.01,1.00,0.00,0.00,0.73,0.91,0.0001,0.0005,     0,0,0,1.34,98.66,0.00,N/A,4.20,2.78,210.27,1.51,37.80,0.02,0.50,0.03,1.34,0.02,0.67,0.01,0.01,0.27,0.95,0.0008,0.0011,     0,0,0,3.71,96.29,0.00,N/A,7.36,5.47,210.27,1.34,33.59,0.03,0.83,0.03,1.25,0.02,0.67,0.01,0.02,0.34,0.89,0.0016,0.0025,     0,0,0,3.71,96.29,0.00,N/A,6.85,5.47,210.27,1.25,31.29,0.03,0.77,0.02,1.43,0.02,0.73,0.01,0.01,0.18,0.92,0.0021,0.0026,     0,0,0,2.33,97.67,0.00,N/A,5.39,3.78,210.27,1.43,35.64,0.02,0.61,0.03,1.33,0.02,0.67,0.02,0.02,0.25,0.91,0.0023,0.0030,     0,0,0,3.70,96.30,0.00,N/A,7.26,5.46,210.27,1.33,33.23,0.03,0.82,0.02,1.31,0.01,1.00,0.00,0.00,0.42,0.87,0.0004,0.0008,     0,0,0,1.30,98.70,0.00,N/A,3.58,2.74,210.27,1.31,32.68,0.02,0.43,0.02,1.20,0.02,0.71,0.00,0.01,0.31,0.91,0.0010,0.0015,     0,0,0,2.24,97.76,0.00,N/A,3.99,3.33,210.27,1.20,29.96,0.02,0.47,0.01,0.28,0.02,1.00,0.00,0.03,0.92,0.29,0.0015,0.0192,     0,0,0,2.50,97.50,0.00,N/A,1.47,5.25,210.27,0.28,7.00,0.01,0.17,0.03,1.33,0.03,0.67,0.01,0.01,0.28,0.94,0.0008,0.0011,     0,0,0,3.75,96.25,0.00,N/A,7.31,5.48,210.27,1.33,33.32,0.03,0.83,0.02,1.33,0.01,0.72,0.01,0.02,0.19,0.90,0.0029,0.0036,     0,0,0,2.07,97.93,0.00,N/A,4.40,3.31,210.27,1.33,33.21,0.02,0.50,0.01,1.27,0.01,0.70,0.00,0.00,0.31,0.97,0.0004,0.0007,     0,0,0,1.07,98.93,0.00,N/A,1.98,1.56,210.27,1.27,31.70,0.01,0.24,0.02,1.33,0.01,0.67,0.00,0.00,0.34,0.96,0.0004,0.0007,     0,0,0,1.97,98.03,0.00,N/A,3.68,2.77,210.27,1.33,33.15,0.02,0.44,0.03,1.37,0.02,0.67,0.00,0.00,0.25,0.97,0.0004,0.0005,     0,0,0,2.80,97.20,0.00,N/A,5.71,4.15,210.27,1.37,34.37,0.03,0.64,0.01,1.24,0.01,0.67,0.00,0.00,0.28,0.81,0.0019,0.0027,     0,0,0,1.00,99.00,0.00,N/A,1.76,1.41,210.27,1.24,31.07,0.01,0.21,0.03,1.33,0.02,0.68,0.00,0.00,0.31,0.97,0.0004,0.0006,     0,0,0,2.78,97.22,0.00,N/A,5.75,4.31,210.27,1.33,33.33,0.03,0.63,
2024-03-21,11:16:14.364,0.02,1.18,0.02,0.76,0.10,0.19,0.47,0.89,0.0014,0.0026,0.07,0.05,-2147483648,0.00,0.00,74.08,63.04,211.93,1.18,29.38,0.02,0.56,4.82,0.04,12.19,2.49,97.51,0.00,100.00,0.00,0.00,0.00,0.00,-nan,0.09,0.02,1.22,0.02,0.78,0.05,0.10,0.47,0.88,0.0013,0.0025,     0,0,0,0.07,0.05,-2147483648,0.00,0.00,N/A,40.71,33.32,211.93,1.22,30.55,0.02,0.61,0.02,1.12,0.02,0.74,0.05,0.09,0.47,0.89,0.0014,0.0027,     0,0,0,0.00,0.00,-2147483648,0.00,0.00,N/A,33.38,29.72,211.93,1.12,28.07,0.02,0.50,0.62,0.35,  0%,  0%,1.96,1.88,  1%,  1%,0.98,1.22,  0%,  1%,5.12,4.88,  4%,  3%,2.57,97.43,0.00,100.00,0.00,0.00,2.41,97.59,0.00,100.00,0.00,0.00,0.00,0.00,0.00 ,0.00 ,-nan ,-nan ,0.10,0.08,0.01,0.29,0.02,1.00,0.00,0.03,0.94,0.30,0.0012,0.0202,     0,0,0,2.14,97.86,0.00,N/A,1.32,4.53,211.93,0.29,7.28,0.01,0.16,0.00,1.11,0.00,1.00,0.00,0.00,0.51,0.78,0.0004,0.0012,     0,0,0,0.21,99.79,0.00,N/A,0.51,0.46,211.93,1.11,27.67,0.00,0.06,0.04,1.40,0.03,0.67,0.01,0.01,0.23,0.93,0.0015,0.0019,     0,0,0,4.01,95.99,0.00,N/A,7.67,5.47,211.93,1.40,35.04,0.04,0.94,0.04,1.33,0.03,0.75,0.02,0.02,0.27,0.84,0.0022,0.0030,     0,0,0,4.02,95.98,0.00,N/A,8.22,6.17,211.93,1.33,33.28,0.04,1.00,0.04,1.38,0.03,0.67,0.01,0.02,0.29,0.93,0.0015,0.0022,     0,0,0,4.01,95.99,0.00,N/A,7.52,5.46,211.93,1.38,34.41,0.04,0.92,0.04,1.36,0.03,0.75,0.01,0.01,0.33,0.92,0.0011,0.0017,     0,0,0,4.02,95.98,0.00,N/A,8.41,6.17,211.93,1.36,34.03,0.04,1.03,0.03,1.56,0.02,1.00,0.00,0.00,0.84,0.92,0.0001,0.0005,     0,0,0,1.94,98.06,0.00,N/A,6.44,4.13,211.93,1.56,39.01,0.03,0.76,0.00,0.68,0.00,1.00,0.00,0.00,0.10,0.78,0.0014,0.0022,     0,0,0,0.43,99.57,0.00,N/A,0.62,0.91,211.93,0.68,16.98,0.00,0.07,0.01,0.29,0.02,1.00,0.00,0.03,0.93,0.33,0.0013,0.0194,     0,0,0,2.22,97.78,0.00,N/A,1.36,4.70,211.93,0.29,7.22,0.01,0.16,0.02,1.36,0.01,0.67,0.00,0.00,0.37,0.97,0.0004,0.0006,     0,0,0,2.03,97.97,0.00,N/A,3.76,2.76,211.93,1.36,34.11,0.02,0.46,0.03,1.25,0.03,0.67,0.01,0.02,0.39,0.88,0.0017,0.0028,     0,0,0,4.01,95.99,0.00,N/A,6.85,5.47,211.93,1.25,31.29,0.03,0.84,0.03,1.40,0.02,0.78,0.01,0.01,0.25,0.92,0.0011,0.0015,     0,0,0,2.92,97.08,0.00,N/A,6.90,4.94,211.93,1.40,34.92,0.03,0.80,0.03,1.37,0.02,0.67,0.01,0.01,0.27,0.92,0.0018,0.0024,     0,0,0,2.86,97.14,0.00,N/A,5.64,4.11,211.93,1.37,34.31,0.03,0.65,0.02,0.87,0.02,0.84,0.01,0.01,0.09,0.87,0.0019,0.0021,     0,0,0,2.10,97.90,0.00,N/A,3.07,3.53,211.93,0.87,21.76,0.02,0.38,0.03,1.40,0.02,0.67,0.01,0.01,0.25,0.93,0.0017,0.0022,     0,0,0,2.86,97.14,0.00,N/A,5.76,4.11,211.93,1.40,35.00,0.03,0.67,0.00,0.40,0.00,1.00,0.00,0.00,0.32,0.73,0.0022,0.0048,     0,0,0,0.05,99.95,0.00,N/A,0.04,0.11,211.93,0.40,10.00,0.00,0.01,
2024-03-21,11:16:14.467,0.02,1.09,0.02,0.75,0.14,0.30,0.52,0.84,0.0020,0.0042,0.10,0.09,-2147483648,0.00,0.00,70.59,64.69,212.09,1.09,27.28,0.02,0.52,6.44,0.03,16.95,2.57,97.43,0.00,100.00,0.00,0.00,0.00,0.00,-nan,0.08,0.02,1.09,0.02,0.75,0.07,0.15,0.54,0.84,0.0018,0.0040,     0,0,0,0.03,0.02,-2147483648,0.00,0.00,N/A,36.19,33.10,212.09,1.09,27.34,0.02,0.54,0.02,1.09,0.02,0.74,0.07,0.15,0.50,0.84,0.0022,0.0044,     0,0,0,0.07,0.07,-2147483648,0.00,0.00,N/A,34.40,31.59,212.09,1.09,27.23,0.02,0.51,2.07,2.26,  2%,  2%,1.10,1.01,  0%,  0%,5.08,5.19,  5%,  5%,3.43,3.24,  2%,  2%,2.61,97.39,0.00,100.00,0.00,0.00,2.53,97.47,0.00,100.00,0.00,0.00,0.00,0.00,0.00 ,0.00 ,-nan ,-nan ,0.08,0.08,0.01,0.42,0.03,1.00,0.00,0.03,0.86,0.26,0.0016,0.0117,     0,0,0,2.95,97.05,0.00,N/A,2.66,6.25,212.09,0.42,10.62,0.01,0.31,0.01,0.73,0.01,1.00,0.00,0.00,0.17,0.68,0.0015,0.0022,     0,0,0,0.75,99.25,0.00,N/A,1.14,1.57,212.09,0.73,18.22,0.01,0.14,0.03,1.29,0.03,0.67,0.01,0.02,0.51,0.87,0.0017,0.0034,     0,0,0,3.76,96.24,0.00,N/A,7.01,5.45,212.09,1.29,32.15,0.03,0.81,0.03,1.26,0.03,0.67,0.02,0.03,0.44,0.85,0.0023,0.0041,     0,0,0,3.92,96.08,0.00,N/A,6.86,5.45,212.09,1.26,31.46,0.03,0.82,0.03,1.31,0.03,0.67,0.02,0.03,0.44,0.86,0.0024,0.0043,     0,0,0,3.92,96.08,0.00,N/A,7.15,5.44,212.09,1.31,32.81,0.03,0.86,0.03,1.32,0.03,0.67,0.01,0.03,0.47,0.88,0.0020,0.0037,     0,0,0,3.92,96.08,0.00,N/A,7.18,5.44,212.09,1.32,32.99,0.03,0.86,0.01,0.92,0.01,1.00,0.00,0.00,0.36,0.82,0.000,,0.0014,     0,0,0,0.58,99.42,0.00,N/A,1.12,1.23,212.09,0.92,22.94,0.01,0.13,0.01,1.36,0.01,1.00,0.00,0.00,0.42,0.92,0.0003,0.0006,     0,0,0,1.06,98.94,0.00,N/A,3.08,2.27,212.09,1.36,33.89,0.01,0.36,0.01,0.29,0.02,1.00,0.00,0.03,0.92,0.31,0.0016,0.0191,     0,0,0,2.30,97.70,0.00,N/A,1.43,4.88,212.09,0.29,7.31,0.01,0.17,0.03,1.30,0.02,0.67,0.01,0.02,0.50,0.86,0.0022,0.0045,     0,0,0,2.91,97.09,0.00,N/A,5.38,4.14,212.09,1.30,32.52,0.03,0.63,0.03,1.30,0.03,0.67,0.02,0.04,0.35,0.86,0.0035,0.0054,     0,0,0,3.91,96.09,0.00,N/A,7.08,5.44,212.09,1.30,32.53,0.03,0.85,0.01,1.20,0.01,0.68,0.00,0.00,0.57,0.95,0.0004,0.0010,     0,0,0,1.02,98.98,0.00,N/A,1.75,1.45,212.09,1.20,30.06,0.01,0.21,0.03,1.33,0.03,0.67,0.02,0.03,0.44,0.88,0.0021,0.0038,     0,0,0,3.93,96.07,0.00,N/A,7.24,5.46,212.09,1.33,33.19,0.03,0.87,0.04,1.32,0.03,0.75,0.01,0.02,0.41,0.84,0.0017,0.0029,     0,0,0,3.87,96.13,0.00,N/A,8.13,6.16,212.09,1.32,32.99,0.04,0.96,0.01,1.17,0.01,0.68,0.00,0.01,0.45,0.85,0.0017,0.0031,     0,0,0,1.02,98.98,0.00,N/A,1.69,1.44,212.09,1.17,29.33,0.01,0.20,0.01,0.65,0.01,1.00,0.00,0.00,0.20,0.66,0.0017,0.0023,     0,0,0,1.24,98.76,0.00,N/A,1.71,2.63,212.09,0.65,16.26,0.01,0.20,
2024-03-21,11:16:14.562,0.03,1.56,0.02,0.80,0.03,0.20,0.83,0.82,0.0003,0.0018,0.04,0.03,-2147483648,0.00,0.00,110.57,70.68,210.15,1.56,39.11,0.03,0.82,8.97,0.14,25.47,2.63,97.37,0.00,100.00,0.00,0.00,0.00,0.00,-nan,0.08,0.04,1.58,0.02,0.82,0.02,0.10,0.82,0.82,0.0003,0.0015,     0,0,0,0.02,0.01,-2147483648,0.00,0.00,N/A,63.37,40.17,210.15,1.58,39.44,0.04,0.95,0.03,1.55,0.02,0.78,0.02,0.10,0.84,0.82,0.0003,0.0022,     0,0,0,0.02,0.01,-2147483648,0.00,0.00,N/A,47.19,30.50,210.15,1.55,38.68,0.03,0.70,2.46,2.47,  2%,  2%,2.05,1.99,  1%,  1%,6.75,7.44,  6%,  7%,5.80,5.48,  4%,  4%,2.93,97.07,0.00,100.00,0.00,0.00,2.34,97.66,0.00,100.00,0.00,0.00,0.00,0.00,0.00 ,0.00 ,-nan ,-nan ,0.08,0.08,0.01,0.37,0.03,0.91,0.00,0.03,0.85,0.36,0.0022,0.0152,     0,0,0,2.81,97.19,0.00,N/A,1.96,5.36,210.15,0.37,9.13,0.01,0.23,0.05,2.13,0.02,0.78,0.00,0.01,0.92,0.86,0.0001,0.0009,     0,0,0,2.96,97.04,0.00,N/A,10.37,4.87,210.15,2.13,53.27,0.05,1.23,0.06,2.02,0.03,0.75,0.00,0.01,0.90,0.85,0.0001,0.0010,     0,0,0,4.08,95.92,0.00,N/A,12.43,6.17,210.15,2.02,50.40,0.06,1.55,0.02,1.42,0.02,0.84,0.00,0.01,0.75,0.89,0.0003,0.0013,     0,0,0,2.06,97.94,0.00,N/A,5.18,3.66,210.15,1.42,35.40,0.02,0.62,0.02,1.35,0.01,0.82,0.00,0.00,0.72,0.89,0.0003,0.0012,     0,0,0,1.77,98.23,0.00,N/A,4.10,3.04,210.15,1.35,33.68,0.02,0.49,0.06,2.00,0.03,0.75,0.00,0.01,0.87,0.86,0.0001,0.0011,     0,0,0,3.91,96.09,0.00,N/A,12.31,6.17,210.15,2.00,49.88,0.06,1.46,0.05,1.84,0.03,0.82,0.00,0.02,0.80,0.84,0.0003,0.0014,     0,0,0,3.51,96.49,0.00,N/A,11.11,6.03,210.15,1.84,46.05,0.05,1.32,0.03,1.21,0.02,1.00,0.00,0.00,0.33,0.84,0.0005,0.0008,     0,0,0,2.34,97.66,0.00,N/A,5.91,4.87,210.15,1.21,30.35,0.03,0.71,0.01,0.36,0.03,1.00,0.01,0.03,0.81,0.32,0.0027,0.0142,     0,0,0,2.50,97.50,0.00,N/A,1.91,5.26,210.15,0.36,9.07,0.01,0.23,0.05,2.10,0.02,0.78,0.00,0.01,0.83,0.87,0.0001,0.0009,     0,0,0,2.96,97.04,0.00,N/A,10.19,4.86,210.15,2.10,52.44,0.05,1.21,0.06,2.06,0.03,0.75,0.00,0.02,0.84,0.87,0.0003,0.0016,     0,0,0,3.91,96.09,0.00,N/A,12.70,6.16,210.15,2.06,51.52,0.06,1.51,0.01,1.22,0.01,0.70,0.00,0.01,0.90,0.84,0.0003,0.0028,     0,0,0,1.09,98.91,0.00,N/A,1.95,1.60,210.15,1.22,30.51,0.01,0.23,0.02,1.26,0.01,0.67,0.00,0.01,0.83,0.83,0.0005,0.0029,     0,0,0,1.99,98.01,0.00,N/A,3.57,2.82,210.15,1.26,31.61,0.02,0.42,0.02,1.32,0.01,0.68,0.00,0.02,0.91,0.84,0.0005,0.0055,     0,0,0,2.02,97.98,0.00,N/A,3.81,2.89,210.15,1.32,32.95,0.02,0.45,0.04,2.48,0.02,0.84,0.00,0.00,0.91,0.91,0.0000,0.0003,     0,0,0,2.03,97.97,0.00,N/A,8.91,3.59,210.15,2.48,62.09,0.04,1.06,0.02,1.25,0.02,0.71,0.00,0.01,0.75,0.89,0.0004,0.0017,     0,0,0,2.23,97.77,0.00,N/A,4.16,3.33,210.15,1.25,31.25,0.02,0.49,
2024-03-21,11:16:14.670,0.06,2.33,0.02,1.00,0.04,0.12,0.61,0.61,0.0002,0.0006,0.04,0.01,-2147483648,0.00,0.00,201.30,86.34,211.58,2.33,58.29,0.06,1.45,0.60,0.01,2.13,2.50,97.50,0.00,100.00,0.00,0.00,0.00,0.00,-nan,0.08,0.06,2.33,0.03,1.00,0.00,0.04,0.89,0.64,0.0000,0.0004,     0,0,0,0.01,0.00,-2147483648,0.00,0.00,N/A,105.97,45.41,211.58,2.33,58.34,0.06,1.52,0.06,2.33,0.02,0.99,0.04,0.08,0.47,0.58,0.0004,0.0008,     0,0,0,0.04,0.00,-2147483648,0.00,0.00,N/A,95.32,40.93,211.58,2.33,58.23,0.06,1.38,0.15,0.18,  0%,  0%,0.18,0.09,  0%,  0%,0.34,0.51,  0%,  0%,0.69,0.59,  0%,  0%,2.60,97.40,0.00,100.00,0.00,0.00,2.39,97.61,0.00,100.00,0.00,0.00,0.00,0.00,0.00 ,0.00 ,-nan ,-nan ,0.08,0.08,0.01,0.31,0.02,1.00,0.00,0.03,0.96,0.29,0.0009,0.0201,     0,0,0,2.22,97.78,0.00,N/A,1.46,4.69,211.58,0.31,7.79,0.01,0.17,0.09,3.19,0.03,1.00,0.00,0.00,0.46,0.81,0.0000,0.0000,     0,0,0,2.81,97.19,0.00,N/A,20.21,6.33,211.58,3.19,79.84,0.09,2.24,0.11,2.89,0.04,1.00,0.00,0.00,0.74,0.81,0.0000,0.0000,     0,0,0,3.69,96.31,0.00,N/A,24.02,8.30,211.58,2.89,72.30,0.11,2.67,0.07,2.62,0.03,1.00,0.00,0.00,0.48,0.75,0.0000,0.0000,     0,0,0,2.82,97.18,0.00,N/A,16.65,6.34,211.58,2.62,65.61,0.07,1.85,0.07,2.51,0.03,1.00,0.00,0.00,0.86,0.63,0.0000,0.0000,     0,0,0,2.73,97.27,0.00,N/A,15.47,6.15,211.58,2.51,62.86,0.07,1.72,0.05,2.32,0.02,1.00,0.00,0.00,0.58,0.48,0.0001,0.0002,     0,0,0,2.19,97.81,0.00,N/A,10.68,4.61,211.58,2.32,57.91,0.05,1.27,0.04,2.71,0.01,1.00,0.00,0.00,0.60,0.90,0.0000,0.0001,     0,0,0,1.43,98.57,0.00,N/A,8.17,3.01,211.58,2.71,67.86,0.04,0.97,0.04,1.56,0.03,1.00,0.00,0.00,0.73,0.90,0.0001,0.0005,     0,0,0,2.84,97.16,0.00,N/A,9.32,5.98,211.58,1.56,39.00,0.04,1.11,0.01,0.30,0.03,1.00,0.00,0.03,0.95,0.32,0.0010,0.0196,     0,0,0,2.65,97.35,0.00,N/A,1.71,5.60,211.58,0.30,7.61,0.01,0.20,0.06,2.29,0.02,1.00,0.00,0.00,0.28,0.64,0.0000,0.0001,     0,0,0,2.42,97.58,0.00,N/A,11.66,5.10,211.58,2.29,57.18,0.06,1.39,0.10,2.76,0.04,1.00,0.00,0.00,0.22,0.79,0.0000,0.0000,     0,0,0,3.69,96.31,0.00,N/A,22.88,8.30,211.58,2.76,68.92,0.10,2.54,0.06,3.29,0.02,1.00,0.00,0.00,0.28,0.73,0.0000,0.0000,     0,0,0,1.89,98.11,0.00,N/A,14.01,4.26,211.58,3.29,82.17,0.06,1.56,0.00,0.76,0.00,1.00,0.00,0.00,0.22,0.56,0.0014,0.0023,     0,0,0,0.20,99.80,0.00,N/A,0.31,0.41,211.58,0.76,19.08,0.00,0.04,0.05,2.88,0.02,1.00,0.00,0.00,0.52,0.57,0.0001,0.0001,     0,0,0,1.86,98.14,0.00,N/A,12.05,4.18,211.58,2.88,72.00,0.05,1.34,0.05,2.44,0.02,1.00,0.00,0.00,0.48,0.63,0.0000,0.0000,     0,0,0,2.04,97.96,0.00,N/A,10.48,4.29,211.58,2.44,61.00,0.05,1.24,0.11,2.53,0.04,0.96,0.04,0.04,0.08,0.68,0.0016,0.0018,     0,0,0,4.34,95.66,0.00,N/A,22.22,8.77,211.58,2.53,63.33,0.11,2.63,
2024-03-21,11:16:14.771,0.03,1.60,0.02,0.89,0.03,0.09,0.72,0.84,0.0002,0.0008,0.11,0.10,-2147483648,0.00,0.00,115.01,71.92,208.57,1.60,39.98,0.03,0.85,1.56,0.01,4.39,2.38,97.62,0.00,100.00,0.00,0.00,0.00,0.00,-nan,0.08,0.04,1.65,0.02,0.94,0.01,0.04,0.81,0.84,0.0001,0.0006,     0,0,0,0.08,0.07,-2147483648,0.00,0.00,N/A,67.88,41.18,208.57,1.65,41.21,0.04,1.01,0.03,1.53,0.02,0.84,0.02,0.05,0.64,0.85,0.0004,0.0010,     0,0,0,0.04,0.03,-2147483648,0.00,0.00,N/A,47.12,30.74,208.57,1.53,38.32,0.03,0.69,0.38,0.36,  0%,  0%,0.45,0.37,  0%,  0%,0.69,1.05,  0%,  1%,1.39,1.27,  1%,  1%,2.60,97.40,0.00,100.00,0.00,0.00,2.15,97.85,0.00,100.00,0.00,0.00,0.00,0.00,0.00 ,0.00 ,-nan ,-nan ,0.08,0.08,0.01,0.28,0.02,1.00,0.00,0.03,0.95,0.28,0.0011,0.0201,     0,0,0,2.39,97.61,0.00,N/A,1.42,4.98,208.57,0.28,7.12,0.01,0.17,0.07,1.78,0.04,1.00,0.00,0.00,0.59,0.95,0.0000,0.0001,     0,0,0,3.92,96.08,0.00,N/A,14.81,8.31,208.57,1.78,44.55,0.07,1.74,0.07,1.90,0.04,1.00,0.00,0.00,0.61,0.55,0.0000,0.0001,     0,0,0,3.92,96.08,0.00,N/A,15.76,8.31,208.57,1.90,47.42,0.07,1.86,0.06,1.99,0.03,0.83,0.00,0.00,0.63,0.96,0.0001,0.0002,     0,0,0,3.89,96.11,0.00,N/A,13.70,6.88,208.57,1.99,49.75,0.06,1.61,0.06,1.94,0.03,0.84,0.00,0.01,0.34,0.93,0.0003,0.0004,     0,0,0,3.88,96.12,0.00,N/A,13.45,6.95,208.57,1.94,48.41,0.06,1.59,0.00,0.52,0.00,1.00,0.00,0.00,0.54,0.74,0.0015,0.0055,     0,0,0,0.05,99.95,0.00,N/A,0.06,0.11,208.57,0.52,12.95,0.00,0.01,0.03,1.60,0.02,1.00,0.00,0.00,0.86,0.94,0.0000,0.0004,     0,0,0,1.61,98.39,0.00,N/A,5.40,3.38,208.57,1.60,39.94,0.03,0.64,0.02,1.45,0.01,1.00,0.00,0.00,0.62,0.85,0.0003,0.0009,     0,0,0,1.08,98.92,0.00,N/A,3.28,2.26,208.57,1.45,36.32,0.02,0.39,0.01,0.42,0.02,0.85,0.00,0.02,0.87,0.63,0.0020,0.0151,     0,0,0,2.07,97.93,0.00,N/A,1.56,3.69,208.57,0.42,10.61,0.01,0.19,0.00,0.46,0.00,1.00,0.00,0.00,0.85,0.74,0.0005,0.0053,     0,0,0,0.04,99.96,0.00,N/A,0.04,0.08,208.57,0.46,11.45,0.00,0.00,0.03,1.33,0.03,0.89,0.00,0.00,0.53,0.95,0.0001,0.0003,     0,0,0,2.94,97.06,0.00,N/A,7.37,5.54,208.57,1.33,33.26,0.03,0.87,0.06,1.87,0.03,0.85,0.00,0.00,0.51,0.94,0.0001,0.0003,     0,0,0,3.89,96.11,0.00,N/A,13.12,7.01,208.57,1.87,46.77,0.06,1.55,0.01,1.26,0.01,0.70,0.00,0.00,0.53,0.92,0.0006,0.0013,     0,0,0,1.00,99.00,0.00,N/A,1.84,1.45,208.57,1.26,31.58,0.01,0.22,0.04,2.52,0.02,0.84,0.00,0.00,0.30,0.85,0.0004,0.0005,     0,0,0,1.96,98.04,0.00,N/A,8.72,3.46,208.57,2.52,62.94,0.04,1.03,0.03,1.31,0.02,0.79,0.01,0.01,0.36,0.86,0.0010,0.0016,     0,0,0,2.71,97.29,0.00,N/A,6.36,4.87,208.57,1.31,32.68,0.03,0.70,0.04,1.75,0.02,0.87,0.00,0.00,0.66,0.89,0.0001,0.0003,     0,0,0,2.55,97.45,0.00,N/A,8.11,4.64,208.57,1.75,43.72,0.04,0.97,
2024-03-21,11:16:14.872,0.02,1.20,0.02,0.74,0.16,0.25,0.36,0.89,0.0021,0.0034,0.18,0.16,-2147483648,0.00,0.00,73.93,61.72,215.83,1.20,29.95,0.02,0.54,3.72,0.01,11.04,2.44,97.56,0.00,100.00,0.00,0.00,0.00,0.00,-nan,0.10,0.02,1.21,0.02,0.75,0.08,0.13,0.36,0.88,0.0021,0.0032,     0,0,0,0.09,0.07,-2147483648,0.00,0.00,N/A,40.31,33.19,215.83,1.21,30.37,0.02,0.59,0.02,1.18,0.02,0.72,0.07,0.12,0.37,0.91,0.0022,0.0035,     0,0,0,0.08,0.09,-2147483648,0.00,0.00,N/A,33.61,28.53,215.83,1.18,29.45,0.02,0.49,0.80,1.29,  0%,  1%,0.85,0.78,  0%,  0%,3.08,2.88,  3%,  2%,2.62,2.46,  2%,  1%,2.57,97.43,0.00,100.00,0.00,0.00,2.31,97.69,0.00,100.00,0.00,0.00,0.00,0.00,0.00 ,0.00 ,-nan ,-nan ,0.10,0.10,0.01,0.51,0.03,1.00,0.00,0.03,0.93,0.27,0.0007,0.0102,     0,0,0,2.61,97.39,0.00,N/A,2.85,5.64,215.83,0.51,12.63,0.01,0.33,0.02,1.35,0.01,0.68,0.01,0.02,0.13,0.90,0.0038,0.0045,     0,0,0,2.10,97.90,0.00,N/A,3.82,2.84,215.83,1.35,33.63,0.02,0.48,0.04,1.46,0.03,0.67,0.02,0.02,0.13,0.93,0.0023,0.0027,     0,0,0,3.88,96.12,0.00,N/A,7.98,5.49,215.83,1.46,36.38,0.04,0.94,0.03,1.30,0.03,0.67,0.02,0.02,0.20,0.90,0.0025,0.0031,     0,0,0,3.87,96.13,0.00,N/A,7.12,5.48,215.83,1.30,32.51,0.03,0.84,0.02,1.26,0.02,0.71,0.01,0.01,0.21,0.85,0.0020,0.0027,     0,0,0,2.22,97.78,0.00,N/A,4.22,3.35,215.83,1.26,31.56,0.02,0.50,0.03,1.45,0.02,0.67,0.01,0.01,0.22,0.95,0.0013,0.0017,     0,0,0,2.69,97.31,0.00,N/A,5.98,4.12,215.83,1.45,36.25,0.03,0.65,0.03,1.34,0.02,0.90,0.01,0.02,0.26,0.73,0.0019,0.0026,     0,0,0,2.74,97.26,0.00,N/A,7.10,5.30,215.83,1.34,33.50,0.03,0.82,0.01,1.27,0.00,1.00,0.00,0.00,0.39,0.92,0.0003,0.0005,     0,0,0,0.45,99.55,0.00,N/A,1.24,0.98,215.83,1.27,31.72,0.01,0.14,0.01,0.29,0.03,1.00,0.00,0.03,0.94,0.34,0.0011,0.0188,     0,0,0,2.79,97.21,0.00,N/A,1.74,6.03,215.83,0.29,7.20,0.01,0.20,0.03,1.48,0.02,0.67,0.01,0.02,0.12,0.94,0.0023,0.0027,     0,0,0,2.70,97.30,0.00,N/A,6.12,4.13,215.83,1.48,37.08,0.03,0.67,0.04,1.39,0.03,0.67,0.02,0.02,0.17,0.92,0.0024,0.0028,     0,0,0,3.88,96.12,0.00,N/A,7.65,5.48,215.83,1.39,34.86,0.04,0.90,0.01,1.17,0.01,0.71,0.00,0.01,0.23,0.83,0.0024,0.0032,     0,0,0,1.17,98.83,0.00,N/A,1.92,1.64,215.83,1.17,29.26,0.01,0.24,0.02,1.45,0.01,0.68,0.01,0.01,0.12,0.94,0.0019,0.0022,     0,0,0,1.85,98.15,0.00,N/A,4.16,2.86,215.83,1.45,36.29,0.02,0.45,0.02,1.42,0.01,0.68,0.00,0.00,0.43,0.98,0.0002,0.0004,     0,0,0,2.12,97.88,0.00,N/A,4.04,2.84,215.83,1.42,35.53,0.02,0.51,0.02,1.40,0.01,0.67,0.01,0.01,0.13,0.91,0.0031,0.0036,     0,0,0,2.08,97.92,0.00,N/A,3.86,2.76,215.83,1.40,35.00,0.02,0.49,0.02,1.48,0.01,0.67,0.01,0.02,0.12,0.93,0.0034,0.0038,     0,0,0,1.83,98.17,0.00,N/A,4.13,2.78,215.83,1.48,37.10,0.02,0.45,
2024-03-21,11:16:14.974,0.02,1.18,0.02,0.74,0.05,0.13,0.59,0.89,0.0007,0.0019,0.09,0.07,-2147483648,0.00,0.00,71.07,60.21,208.15,1.18,29.51,0.02,0.53,3.49,0.02,9.01,2.43,97.57,0.00,100.00,0.00,0.00,0.00,0.00,-nan,0.08,0.02,1.21,0.02,0.76,0.02,0.06,0.64,0.90,0.0005,0.0016,     0,0,0,0.09,0.07,-2147483648,0.00,0.00,N/A,39.97,32.99,208.15,1.21,30.29,0.02,0.60,0.02,1.14,0.02,0.71,0.03,0.07,0.55,0.88,0.0010,0.0022,     0,0,0,0.00,0.00,-2147483648,0.00,0.00,N/A,31.10,27.22,208.15,1.14,28.56,0.02,0.46,0.67,0.93,  0%,  0%,0.98,0.91,  0%,  0%,1.59,2.03,  1%,  2%,2.77,2.62,  2%,  2%,2.60,97.40,0.00,100.00,0.00,0.00,2.25,97.75,0.00,100.00,0.00,0.00,0.00,0.00,0.00 ,0.00 ,-nan ,-nan ,0.08,0.08,0.01,0.30,0.02,1.00,0.00,0.03,0.95,0.28,0.0011,0.0205,     0,0,0,2.23,97.77,0.00,N/A,1.39,4.65,208.15,0.30,7.45,0.01,0.17,0.00,0.50,0.00,1.00,0.00,0.00,0.33,0.67,0.0018,0.0038,     0,0,0,0.44,99.56,0.00,N/A,0.45,0.91,208.15,0.50,12.42,0.00,0.05,0.04,1.42,0.03,0.67,0.00,0.00,0.33,0.97,0.0004,0.0006,     0,0,0,3.84,96.16,0.00,N/A,7.76,5.48,208.15,1.42,35.40,0.04,0.91,0.04,1.31,0.03,0.71,0.01,0.01,0.25,0.90,0.0010,0.0014,     0,0,0,4.07,95.93,0.00,N/A,7.60,5.79,208.15,1.31,32.81,0.04,0.94,0.04,1.41,0.03,0.67,0.00,0.00,0.46,0.97,0.0003,0.0005,     0,0,0,3.84,96.16,0.00,N/A,7.72,5.48,208.15,1.41,35.18,0.04,0.90,0.04,1.39,0.03,0.67,0.00,0.01,0.41,0.94,0.0006,0.0011,     0,0,0,3.84,96.16,0.00,N/A,7.62,5.48,208.15,1.39,34.73,0.04,0.89,0.03,1.45,0.02,1.00,0.00,0.00,0.65,0.89,0.0002,0.0007,     0,0,0,2.01,97.99,0.00,N/A,6.05,4.17,208.15,1.45,36.20,0.03,0.73,0.01,1.37,0.00,1.00,0.00,0.00,0.41,0.77,0.0002,0.0007,     0,0,0,0.49,99.51,0.00,N/A,1.39,1.02,208.15,1.37,34.18,0.01,0.17,0.01,0.29,0.02,1.00,0.00,0.03,0.94,0.33,0.0011,0.0194,     0,0,0,2.25,97.75,0.00,N/A,1.37,4.68,208.15,0.29,7.33,0.01,0.16,0.02,1.30,0.01,0.67,0.01,0.01,0.26,0.88,0.0017,0.0023,     0,0,0,2.13,97.87,0.00,N/A,3.60,2.78,208.15,1.30,32.45,0.02,0.46,0.03,1.29,0.03,0.67,0.01,0.02,0.25,0.86,0.0018,0.0024,     0,0,0,3.83,96.17,0.00,N/A,7.04,5.48,208.15,1.29,32.13,0.03,0.82,0.02,1.39,0.01,0.68,0.00,0.00,0.47,0.98,0.0002,0.0005,     0,0,0,1.88,98.12,0.00,N/A,4.00,2.88,208.15,1.39,34.77,0.02,0.44,0.04,1.42,0.03,0.67,0.00,0.00,0.36,0.98,0.0003,0.0004,     0,0,0,3.84,96.16,0.00,N/A,7.81,5.48,208.15,1.42,35.61,0.04,0.91,0.02,1.31,0.01,0.69,0.00,0.00,0.35,0.93,0.0008,0.0013,     0,0,0,1.79,98.21,0.00,N/A,3.69,2.81,208.15,1.31,32.74,0.02,0.40,0.00,0.39,0.00,1.00,0.00,0.00,0.67,0.60,0.0020,0.0080,     0,0,0,0.08,99.92,0.00,N/A,0.07,0.17,208.15,0.39,9.64,0.00,0.01,0.02,1.20,0.01,0.68,0.00,0.01,0.35,0.89,0.0013,0.0022,     0,0,0,2.19,97.81,0.00,N/A,3.52,2.94,208.15,1.20,29.90,0.02,0.45,
2024-03-21,11:16:15.075,0.02,1.15,0.02,0.75,0.06,0.15,0.58,0.87,0.0008,0.0021,0.13,0.11,-2147483648,0.00,0.00,73.89,64.31,209.91,1.15,28.72,0.02,0.55,2.67,0.01,5.36,2.54,97.46,0.00,100.00,0.00,0.00,0.00,0.00,-nan,0.08,0.02,1.19,0.02,0.75,0.03,0.07,0.60,0.88,0.0008,0.0019,     0,0,0,0.04,0.02,-2147483648,0.00,0.00,N/A,39.06,32.82,209.91,1.19,29.75,0.02,0.57,0.02,1.11,0.02,0.75,0.03,0.08,0.57,0.87,0.0010,0.0022,     0,0,0,0.09,0.08,-2147483648,0.00,0.00,N/A,34.83,31.49,209.91,1.11,27.65,0.02,0.52,1.37,0.94,  1%,  0%,0.22,0.14,  0%,  0%,1.64,1.94,  1%,  1%,0.95,0.84,  0%,  0%,2.58,97.42,0.00,100.00,0.00,0.00,2.51,97.49,0.00,100.00,0.00,0.00,0.00,0.00,0.00 ,0.00 ,-nan ,-nan ,0.08,0.08,0.01,0.30,0.03,0.98,0.00,0.03,0.90,0.27,0.0018,0.0191,     0,0,0,2.58,97.42,0.00,N/A,1.59,5.29,209.91,0.30,7.49,0.01,0.19,0.00,0.71,0.00,1.00,0.00,0.00,0.49,0.72,0.0007,0.0025,     0,0,0,0.20,99.80,0.00,N/A,0.30,0.42,209.91,0.71,17.82,0.00,0.04,0.04,1.37,0.03,0.67,0.01,0.01,0.38,0.94,0.0007,0.0011,     0,0,0,3.85,96.15,0.00,N/A,7.46,5.46,209.91,1.37,34.20,0.04,0.88,0.03,1.36,0.02,0.67,0.01,0.01,0.34,0.93,0.0008,0.0012,     0,0,0,3.66,96.34,0.00,N/A,7.44,5.48,209.91,1.36,33.92,0.03,0.83,0.03,1.32,0.02,0.67,0.01,0.01,0.34,0.90,0.0012,0.0018,     0,0,0,2.88,97.12,0.00,N/A,5.44,4.11,209.91,1.32,33.07,0.03,0.64,0.04,1.38,0.03,0.67,0.01,0.01,0.32,0.93,0.0009,0.0013,     0,0,0,3.88,96.12,0.00,N/A,7.58,5.48,209.91,1.38,34.56,0.04,0.89,0.03,1.42,0.02,1.00,0.00,0.00,0.73,0.89,0.0002,0.0007,     0,0,0,1.81,98.19,0.00,N/A,5.41,3.80,209.91,1.42,35.62,0.03,0.64,0.02,1.38,0.01,0.80,0.00,0.00,0.53,0.96,0.0002,0.0005,     0,0,0,1.65,98.35,0.00,N/A,3.84,2.78,209.91,1.38,34.54,0.02,0.46,0.01,0.45,0.03,1.00,0.00,0.03,0.89,0.38,0.0013,0.0112,     0,0,0,2.87,97.13,0.00,N/A,2.73,6.02,209.91,0.45,11.35,0.01,0.33,0.02,1.29,0.01,0.67,0.00,0.01,0.35,0.90,0.0011,0.0018,     0,0,0,1.90,98.10,0.00,N/A,3.5N,2.77,209.91,1.29,32.35,0.02,0.41,0.02,1.21,0.02,0.70,0.01,0.01,0.34,0.87,0.0017,0.0026,     0,0,0,2.18,97.82,0.00,N/A,3.53,2.91,209.91,1.21,30.31,0.02,0.46,0.02,1.27,0.02,0.84,0.00,0.00,0.18,0.93,0.0007,0.0008,     0,0,0,2.07,97.93,0.00,N/A,4.40,3.47,209.91,1.27,31.66,0.02,0.55,0.03,1.30,0.02,0.67,0.01,0.01,0.36,0.90,0.0012,0.0019,     0,0,0,2.90,97.10,0.00,N/A,5.37,4.13,209.91,1.30,32.49,0.03,0.63,0.03,1.31,0.03,0.68,0.00,0.01,0.46,0.91,0.0006,0.0012,     0,0,0,3.91,96.09,0.00,N/A,7.25,5.55,209.91,1.31,32.65,0.03,0.86,0.02,1.38,0.02,0.67,0.00,0.01,0.32,0.94,0.0008,0.0012,     0,0,0,2.70,97.30,0.00,N/A,5.69,4.13,209.91,1.38,34.42,0.02,0.62,0.01,0.91,0.01,0.78,0.00,0.00,0.37,0.94,0.0006,0.0011,     0,0,0,1.51,98.49,0.00,N/A,2.26,2.49,209.91,0.91,22.75,0.01,0.27,
2024-03-21,11:16:15.179,0.02,1.10,0.02,0.74,0.18,0.30,0.40,0.85,0.0026,0.0044,0.13,0.12,-2147483648,0.00,0.00,66.94,60.73,232.81,1.10,27.55,0.02,0.47,6.89,0.03,17.00,2.29,97.71,0.00,100.00,0.00,0.00,0.00,0.00,-nan,0.09,0.02,1.12,0.02,0.75,0.08,0.14,0.40,0.86,0.0023,0.0038,     0,0,0,0.05,0.04,-2147483648,0.00,0.00,N/A,37.16,33.09,232.81,1.12,28.07,0.02,0.52,0.02,1.08,0.02,0.72,0.09,0.15,0.40,0.84,0.0031,0.0051,     0,0,0,0.08,0.08,-2147483648,0.00,0.00,N/A,29.78,27.65,232.81,1.08,26.93,0.02,0.41,1.84,2.77,  1%,  2%,1.19,1.10,  0%,  0%,6.34,6.89,  5%,  6%,1.92,1.84,  1%,  1%,2.44,97.56,0.00,100.00,0.00,0.00,2.14,97.86,0.00,100.00,0.00,0.00,0.00,0.00,0.00 ,0.00 ,-nan ,-nan ,0.09,0.09,0.01,0.30,0.02,1.00,0.00,0.03,0.91,0.29,0.0017,0.0190,     0,0,0,2.23,97.77,0.00,N/A,1.55,5.20,232.81,0.30,7.47,0.01,0.17,0.01,1.36,0.01,1.00,0.00,0.00,0.78,0.88,0.0002,0.0008,     0,0,0,0.96,99.04,0.00,N/A,3.03,2.23,232.81,1.36,33.95,0.01,0.33,0.03,1.34,0.03,0.67,0.02,0.03,0.24,0.89,0.0030,0.0039,     0,0,0,3.76,96.24,0.00,N/A,7.35,5.48,232.81,1.34,33.54,0.03,0.84,0.02,1.32,0.01,0.67,0.01,0.01,0.26,0.90,0.0023,0.0032,     0,0,0,1.95,98.05,0.00,N/A,3.67,2.77,232.81,1.32,33.10,0.02,0.43,0.03,1.33,0.03,0.67,0.02,0.02,0.27,0.89,0.0024,0.0034,     0,0,0,3.76,96.24,0.00,N/A,7.30,5.48,232.81,1.33,33.31,0.03,0.84,0.03,1.32,0.03,0.68,0.02,0.03,0.23,0.88,0.0027,0.0035,     0,0,0,3.75,96.25,0.00,N/A,7.31,5.53,232.81,1.32,33.06,0.03,0.84,0.01,1.12,0.01,0.69,0.01,0.01,0.31,0.86,0.0028,0.0042,     0,0,0,1.89,98.11,0.00,N/A,3.49,3.12,232.81,1.12,28.01,0.01,0.37,0.01,1.05,0.01,1.00,0.00,0.01,0.38,0.78,0.0009,0.0015,     0,0,0,1.41,98.59,0.00,N/A,3.44,3.28,232.81,1.05,26.23,0.01,0.37,0.01,0.28,0.02,1.00,0.00,0.03,0.94,0.33,0.0012,0.0194,     0,0,0,2.02,97.98,0.00,N/A,1.34,4.71,232.81,0.28,7.10,0.01,0.14,0.03,1.26,0.02,0.67,0.03,0.04,0.29,0.85,0.0038,0.0053,     0,0,0,3.56,96.44,0.00,N/A,6.89,5.48,232.81,1.26,31.40,0.03,0.74,0.01,1.21,0.01,0.68,0.01,0.02,0.31,0.78,0.0033,0.0048,     0,0,0,1.77,98.23,0.00,N/A,3.47,2.88,232.81,1.21,30.17,0.01,0.36,0.00,0.35,0.00,1.00,0.00,0.00,0.39,0.65,0.0015,0.0062,     0,0,0,0.05,99.95,0.00,N/A,0.04,0.11,232.81,0.35,8.86,0.00,0.00,0.03,1.26,0.03,0.67,0.02,0.03,0.30,0.86,0.0029,0.0041,     0,0,0,3.88,96.12,0.00,N/A,6.90,5.49,232.81,1.26,31.42,0.03,0.81,0.02,1.31,0.01,0.68,0.01,0.01,0.28,0.89,0.0029,0.0040,     0,0,0,1.92,98.08,0.00,N/A,3.64,2.79,232.81,1.31,32.65,0.02,0.43,0.03,1.32,0.03,0.67,0.02,0.03,0.26,0.89,0.0029,0.0039,     0,0,0,3.87,96.13,0.00,N/A,7.22,5.48,232.81,1.32,32.93,0.03,0.85,0.00,0.41,0.00,1.00,0.00,0.00,0.29,0.49,0.0041,0.0072,     0,0,0,0.31,99.69,0.00,N/A,0.29,0.71,232.81,0.41,10.23,0.00,0.03,
2024-03-21,11:16:15.275,0.02,1.11,0.02,0.78,0.10,0.21,0.49,0.86,0.0014,0.0028,0.16,0.13,-2147483648,0.00,0.00,74.75,67.58,189.07,1.11,27.65,0.02,0.60,6.84,0.02,22.35,2.77,97.23,0.00,100.00,0.00,0.00,0.00,0.00,-nan,0.06,0.02,1.12,0.02,0.77,0.06,0.11,0.48,0.86,0.0015,0.0029,     0,0,0,0.08,0.06,-2147483648,0.00,0.00,N/A,38.08,34.07,189.07,1.12,27.94,0.02,0.61,0.02,1.09,0.02,0.79,0.05,0.10,0.50,0.85,0.0013,0.0027,     0,0,0,0.08,0.07,-2147483648,0.00,0.00,N/A,36.68,33.50,189.07,1.09,27.37,0.02,0.58,1.61,2.34,  1%,  2%,1.50,1.40,  1%,  1%,6.56,6.45,  7%,  6%,4.79,4.54,  4%,  3%,2.85,97.15,0.00,100.00,0.00,0.00,2.69,97.31,0.00,100.00,0.00,0.00,0.00,0.00,0.00 ,0.00 ,-nan ,-nan ,0.06,0.06,0.01,0.36,0.03,0.92,0.01,0.04,0.84,0.27,0.0027,0.0171,     0,0,0,3.34,96.66,0.00,N/A,2.09,5.82,189.07,0.36,8.97,0.01,0.28,0.01,1.09,0.01,0.75,0.01,0.01,0.26,0.80,0.0025,0.0037,     0,0,0,1.43,98.57,0.00,N/A,2.23,2.04,189.07,1.09,27.30,0.01,0.29,0.04,1.36,0.03,0.67,0.02,0.02,0.34,0.89,0.0022,0.0033,     0,0,0,4.07,95.93,0.00,N/A,7.46,5.47,189.07,1.36,34.07,0.04,0.92,0.02,1.38,0.02,0.84,0.00,0.00,0.53,0.95,0.0002,0.0006,     0,0,0,2.03,97.97,0.00,N/A,4.85,3.51,189.07,1.38,34.52,0.02,0.59,0.04,1.37,0.03,0.67,0.01,0.02,0.29,0.92,0.0014,0.0021,     0,0,0,4.06,95.94,0.00,N/A,7.49,5.46,189.07,1.37,34.30,0.04,0.93,0.04,1.28,0.03,0.82,0.01,0.01,0.18,0.92,0.0012,0.0014,     0,0,0,4.11,95.89,0.00,N/A,7.75,6.05,189.07,1.28,32.03,0.04,1.07,0.02,1.21,0.01,0.68,0.01,0.01,0.39,0.85,0.0019,0.0031,     0,0,0,2.19,97.81,0.00,N/A,3.45,2.85,189.07,1.21,30.28,0.02,0.45,0.01,0.96,0.02,1.00,0.00,0.00,0.32,0.83,0.0007,0.0011,     0,0,0,1.52,98.48,0.00,N/A,2.76,2.87,189.07,0.96,24.03,0.01,0.37,0.01,0.30,0.03,1.00,0.00,0.03,0.89,0.26,0.0021,0.0187,     0,0,0,2.85,97.15,0.00,N/A,1.63,5.39,189.07,0.30,7.58,0.01,0.22,0.03,1.34,0.02,0.76,0.01,0.01,0.33,0.80,0.0014,0.0021,     0,0,0,3.06,96.94,0.00,N/A,6.24,4.67,189.07,1.34,33.38,0.03,0.77,0.01,1.00,0.01,1.00,0.00,0.00,0.27,0.57,0.0006,0.0014,     0,0,0,0.52,99.48,0.00,N/A,0.93,0.93,189.07,1.00,25.09,0.01,0.13,0.04,1.36,0.03,0.67,0.01,0.01,0.28,0.92,0.0014,0.0020,     0,0,0,3.91,96.09,0.00,N/A,7.45,5.47,189.07,1.36,34.09,0.04,0.89,0.04,1.36,0.03,0.74,0.01,0.01,0.26,0.91,0.0013,0.0017,     0,0,0,3.95,96.05,0.00,N/A,8.21,6.03,189.07,1.36,34.04,0.04,0.99,0.03,1.36,0.02,0.67,0.01,0.01,0.42,0.91,0.0013,0.0023,     0,0,0,2.96,97.04,0.00,N/A,5.63,4.12,189.07,1.36,34.12,0.03,0.67,0.02,1.07,0.02,0.84,0.00,0.00,0.40,0.93,0.0005,0.0009,     0,0,0,2.09,97.91,0.00,N/A,3.77,3.52,189.07,1.07,26.78,0.02,0.47,0.01,0.83,0.02,1.00,0.01,0.01,0.26,0.63,0.0019,0.0030,     0,0,0,1.78,98.22,0.00,N/A,2.80,3.37,189.07,0.83,20.81,0.01,0.37,
2024-03-21,11:16:15.369,0.02,1.01,0.02,0.79,0.11,0.30,0.61,0.84,0.0014,0.0037,0.12,0.08,-2147483648,0.00,0.00,78.86,78.39,218.57,1.01,25.15,0.02,0.59,8.33,0.04,22.17,2.98,97.02,0.00,100.00,0.00,0.00,0.00,0.00,-nan,0.10,0.02,1.01,0.02,0.78,0.06,0.16,0.61,0.84,0.0015,0.0040,     0,0,0,0.06,0.04,-2147483648,0.00,0.00,N/A,39.29,38.72,218.57,1.01,25.37,0.02,0.58,0.02,1.00,0.02,0.79,0.05,0.14,0.60,0.84,0.0013,0.0035,     0,0,0,0.05,0.04,-2147483648,0.00,0.00,N/A,39.57,39.68,218.57,1.00,24.94,0.02,0.60,2.39,2.17,  2%,  2%,1.96,1.81,  1%,  1%,4.71,4.86,  4%,  4%,6.44,6.16,  5%,  5%,2.94,97.06,0.00,100.00,0.00,0.00,3.02,96.98,0.00,100.00,0.00,0.00,0.00,0.00,0.00 ,0.00 ,-nan ,-nan ,0.10,0.10,0.01,0.29,0.03,1.00,0.01,0.03,0.75,0.26,0.0042,0.0175,     0,0,0,3.12,96.88,0.00,N/A,1.98,6.82,218.57,0.29,7.26,0.01,0.23,0.01,0.77,0.01,1.00,0.00,0.00,0.33,0.85,0.0009,0.0020,     0,0,0,1.18,98.82,0.00,N/A,1.99,2.57,218.57,0.77,19.32,0.01,0.23,0.02,1.29,0.02,0.71,0.01,0.01,0.41,0.89,0.0019,0.0033,     0,0,0,2.35,97.65,0.00,N/A,4.28,3.31,218.57,1.29,32.29,0.02,0.54,0.04,1.40,0.03,0.67,0.01,0.02,0.50,0.90,0.0016,0.0033,     0,0,0,4.07,95.93,0.00,N/A,7.61,5.44,218.57,1.40,34.97,0.04,0.95,0.04,1.36,0.03,0.67,0.01,0.02,0.58,0.89,0.0012,0.0028,     0,0,0,4.10,95.90,0.00,N/A,7.38,5.44,218.57,1.36,33.92,0.04,0.93,0.01,0.53,0.02,1.00,0.00,0.01,0.16,0.74,0.0018,0.0038,     0,0,0,1.70,98.30,0.00,N/A,1.96,3.73,218.57,0.53,13.13,0.01,0.22,0.03,1.22,0.03,0.67,0.01,0.03,0.69,0.82,0.0014,0.0046,     0,0,0,3.88,96.12,0.00,N/A,6.63,5.43,218.57,1.22,30.56,0.03,0.79,0.03,1.25,0.03,0.82,0.01,0.02,0.70,0.83,0.0008,0.0026,     0,0,0,3.34,96.66,0.00,N/A,7.46,5.98,218.57,1.25,31.20,0.03,0.85,0.01,0.32,0.03,1.00,0.01,0.03,0.78,0.36,0.0032,0.0155,     0,0,0,3.00,97.00,0.00,N/A,2.08,6.56,218.57,0.32,7.92,0.01,0.24,0.02,1.25,0.01,0.81,0.00,0.00,0.47,0.96,0.0003,0.0006,     0,0,0,1.83,98.17,0.00,N/A,3.69,2.95,218.57,1.25,31.28,0.02,0.46,0.01,0.61,0.02,1.00,0.00,0.01,0.40,0.80,0.0011,0.0026,     0,0,0,2.30,97.70,0.00,N/A,3.07,5.07,218.57,0.61,15.13,0.01,0.35,0.04,1.35,0.03,0.67,0.01,0.02,0.56,0.90,0.0010,0.0024,     0,0,0,4.09,95.91,0.00,N/A,7.30,5.42,218.57,1.35,33.67,0.04,0.92,0.04,1.31,0.03,0.69,0.01,0.02,0.54,0.88,0.0013,0.0029,     0,0,0,4.06,95.94,0.00,N/A,7.28,5.56,218.57,1.31,32.74,0.04,0.91,0.03,1.27,0.03,0.67,0.01,0.03,0.67,0.83,0.0012,0.0037,     0,0,0,4.09,95.91,0.00,N/A,6.88,5.43,218.57,1.27,31.69,0.03,0.86,0.04,1.26,0.03,0.77,0.01,0.03,0.51,0.86,0.0017,0.0035,     0,0,0,3.92,96.08,0.00,N/A,7.86,6.23,218.57,1.26,31.52,0.04,0.95,0.01,0.58,0.01,1.00,0.00,0.01,0.28,0.71,0.0015,0.0042,     0,0,0,1.12,98.88,0.00,N/A,1.42,2.46,218.57,0.58,14.39,0.01,0.16,
2024-03-21,11:16:15.479,0.05,2.14,0.02,0.91,0.01,0.10,0.90,0.73,0.0001,0.0006,0.01,0.01,-2147483648,0.00,0.00,161.54,75.62,211.99,2.14,53.41,0.05,1.18,3.90,0.18,9.44,2.44,97.56,0.00,100.00,0.00,0.00,0.00,0.00,-nan,0.08,0.05,2.18,0.02,0.90,0.01,0.05,0.89,0.76,0.0001,0.0006,     0,0,0,0.01,0.00,-2147483648,0.00,0.00,N/A,85.54,39.22,211.99,2.18,54.52,0.05,1.25,0.04,2.09,0.02,0.92,0.00,0.05,0.90,0.69,0.0001,0.0006,     0,0,0,0.01,0.01,-2147483648,0.00,0.00,N/A,76.01,36.40,211.99,2.09,52.20,0.04,1.12,0.14,0.18,  0%,  0%,1.82,1.76,  1%,  1%,0.29,0.39,  0%,  0%,4.47,4.29,  3%,  3%,2.55,97.45,0.00,100.00,0.00,0.00,2.33,97.67,0.00,100.00,0.00,0.00,0.00,0.00,0.00 ,0.00 ,-nan ,-nan ,0.08,0.08,0.01,0.38,0.02,0.87,0.00,0.03,0.90,0.36,0.0016,0.0163,     0,0,0,2.87,97.13,0.00,N/A,1.99,5.28,211.99,0.38,9.42,0.01,0.23,0.01,1.46,0.00,1.00,0.00,0.00,0.29,0.78,0.0002,0.0004,     0,0,0,0.48,99.52,0.00,N/A,1.49,1.03,211.99,1.46,36.43,0.01,0.18,0.04,1.59,0.02,1.00,0.00,0.00,0.78,0.92,0.0001,0.0004,     0,0,0,2.42,97.58,0.00,N/A,8.17,5.13,211.99,1.59,39.87,0.04,0.96,0.08,2.59,0.03,0.83,0.00,0.01,0.98,0.89,0.0000,0.0004,     0,0,0,3.90,96.10,0.00,N/A,17.86,6.89,211.99,2.59,64.80,0.08,2.11,0.08,2.54,0.03,0.84,0.00,0.00,0.90,0.88,0.0000,0.0002,     0,0,0,3.87,96.13,0.00,N/A,17.52,6.89,211.99,2.54,63.59,0.08,2.07,0.03,3.24,0.01,1.00,0.00,0.00,0.51,0.81,0.0000,0.0000,     0,0,0,1.02,98.98,0.00,N/A,7.03,2.17,211.99,3.24,80.89,0.03,0.83,0.08,2.41,0.03,0.89,0.00,0.00,0.95,0.85,0.0000,0.0003,     0,0,0,3.86,96.14,0.00,N/A,17.48,7.24,211.99,2.41,60.36,0.08,2.06,0.06,3.04,0.02,1.00,0.00,0.00,0.56,0.51,0.0000,0.0001,     0,0,0,2.00,98.00,0.00,N/A,13.99,4.60,211.99,3.04,76.07,0.06,1.53,0.01,0.29,0.02,1.00,0.00,0.03,0.94,0.33,0.0012,0.0187,     0,0,0,2.35,97.65,0.00,N/A,1.43,4.98,211.99,0.29,7.15,0.01,0.17,0.07,3.33,0.02,1.00,0.00,0.00,0.54,0.86,0.0000,0.0000,     0,0,0,1.97,98.03,0.00,N/A,13.92,4.19,211.99,3.33,83.13,0.07,1.64,0.07,3.04,0.02,1.00,0.00,0.00,0.24,0.86,0.0000,0.0001,     0,0,0,2.22,97.78,0.00,N/A,14.31,4.71,211.99,3.04,76.02,0.07,1.69,0.02,1.29,0.01,0.70,0.00,0.00,0.83,0.87,0.0001,0.0008,     0,0,0,1.95,98.05,0.00,N/A,3.74,2.91,211.99,1.29,32.15,0.02,0.44,0.02,1.27,0.02,0.84,0.00,0.00,0.86,0.79,0.0001,0.0006,     0,0,0,1.92,98.08,0.00,N/A,4.36,3.43,211.99,1.27,31.82,0.02,0.51,0.09,2.43,0.04,0.92,0.00,0.01,0.95,0.84,0.0000,0.0004,     0,0,0,3.86,96.14,0.00,N/A,18.34,7.56,211.99,2.43,60.70,0.09,2.16,0.09,2.45,0.04,0.92,0.00,0.00,0.90,0.74,0.0000,0.0002,     0,0,0,3.89,96.11,0.00,N/A,18.53,7.56,211.99,2.45,61.26,0.09,2.18,0.01,1.29,0.01,1.00,0.00,0.00,0.43,0.59,0.0005,0.0010,     0,0,0,0.51,99.49,0.00,N/A,1.38,1.07,211.99,1.29,32.20,0.01,0.16,
2024-03-21,11:16:15.572,0.02,1.60,0.01,0.91,0.23,0.30,0.23,0.66,0.0032,0.0041,0.00,0.00,-2147483648,0.00,0.00,72.17,45.00,212.61,1.60,40.09,0.02,0.53,0.74,1.00,1.80,1.47,98.53,0.00,100.00,0.00,0.00,0.00,0.00,-nan,0.08,0.02,1.62,0.01,0.91,0.12,0.16,0.23,0.68,0.0029,0.0039,     0,0,0,0.00,0.00,-2147483648,0.00,0.00,N/A,40.40,24.91,212.61,1.62,40.55,0.02,0.60,0.02,1.58,0.01,0.90,0.11,0.14,0.22,0.65,0.0035,0.0045,     0,0,0,0.00,0.00,-2147483648,0.00,0.00,N/A,31.77,20.10,212.61,1.58,39.52,0.02,0.47,0.20,0.13,  0%,  0%,0.28,0.14,  0%,  0%,0.20,0.33,  0%,  0%,0.71,0.56,  0%,  0%,1.63,98.37,0.00,100.00,0.00,0.00,1.31,98.69,0.00,100.00,0.00,0.00,0.00,0.00,0.00 ,0.00 ,-nan ,-nan ,0.08,0.08,0.01,0.31,0.02,1.00,0.00,0.03,0.92,0.29,0.0015,0.0193,     0,0,0,2.29,97.71,0.00,N/A,1.52,4.87,212.61,0.31,7.78,0.01,0.18,0.03,3.30,0.01,0.99,0.00,0.00,0.76,0.88,0.0000,0.0000,     0,0,0,1.00,99.00,0.00,N/A,6.99,2.12,212.61,3.30,82.59,0.03,0.82,0.03,1.59,0.02,0.99,0.00,0.00,0.90,0.91,0.0001,0.0006,     0,0,0,1.95,98.05,0.00,N/A,6.54,4.11,212.61,1.59,39.76,0.03,0.77,0.03,3.11,0.01,1.00,0.00,0.00,0.72,0.71,0.0000,0.0001,     0,0,0,1.06,98.94,0.00,N/A,6.99,2.25,212.61,3.11,77.71,0.03,0.82,0.04,1.99,0.02,0.88,0.05,0.05,0.03,0.71,0.0058,0.0060,     0,0,0,2.38,97.62,0.00,N/A,8.90,4.48,212.61,1.99,49.73,0.04,1.05,0.00,0.34,0.01,0.70,0.05,0.05,0.03,0.69,0.1038,0.1068,     0,0,0,1.00,99.00,0.00,N/A,0.51,1.50,212.61,0.34,8.50,0.00,0.06,0.04,2.19,0.02,0.87,0.00,0.01,0.23,0.65,0.0005,0.0007,     0,0,0,1.97,98.03,0.00,N/A,7.96,3.64,212.61,2.19,54.63,0.04,0.94,0.01,0.51,0.01,0.76,0.01,0.01,0.18,0.67,0.0068,0.0090,     0,0,0,1.32,98.68,0.00,N/A,0.99,1.95,212.61,0.51,12.71,0.01,0.13,0.01,0.30,0.02,0.93,0.00,0.03,0.95,0.34,0.0009,0.0191,     0,0,0,2.29,97.71,0.00,N/A,1.34,4.52,212.61,0.30,7.40,0.01,0.16,0.04,2.09,0.02,0.85,0.05,0.05,0.03,0.69,0.0068,0.0070,     0,0,0,1.97,98.03,0.00,N/A,7.50,3.58,212.61,2.09,52.34,0.04,0.88,0.00,0.43,0.00,0.89,0.00,0.00,0.61,0.69,0.0018,0.0069,     0,0,0,0.08,99.92,0.00,N/A,0.06,0.15,212.61,0.43,10.82,0.00,0.01,0.00,0.41,0.00,0.59,0.00,0.00,0.56,0.66,0.0022,0.0063,     0,0,0,0.10,99.90,0.00,N/A,0.05,0.13,212.61,0.41,10.23,0.00,0.01,0.00,0.39,0.00,0.63,0.00,0.00,0.68,0.71,0.0013,0.0058,     0,0,0,0.07,99.93,0.00,N/A,0.03,0.09,212.61,0.39,9.76,0.00,0.00,0.04,2.21,0.02,0.88,0.00,0.00,0.30,0.60,0.0003,0.0004,     0,0,0,1.99,98.01,0.00,N/A,8.26,3.74,212.61,2.21,55.29,0.04,0.97,0.03,2.08,0.02,0.85,0.05,0.05,0.04,0.69,0.0070,0.0073,     0,0,0,1.97,98.03,0.00,N/A,7.38,3.55,212.61,2.08,52.06,0.03,0.87,0.03,1.64,0.02,1.00,0.00,0.01,0.25,0.56,0.0006,0.0009,     0,0,0,2.05,97.95,0.00,N/A,7.14,4.35,212.61,1.64,41.07,0.03,0.84,
2024-03-21,11:16:15.671,0.00,0.79,0.01,0.85,0.00,0.06,0.93,0.57,0.0003,0.0047,0.00,0.00,-2147483648,0.00,0.00,13.38,16.98,209.67,0.79,19.70,0.00,0.10,0.78,0.83,2.44,0.59,99.41,0.00,100.00,0.00,0.00,0.00,0.00,-nan,0.08,0.01,0.99,0.01,0.89,0.00,0.04,0.93,0.65,0.0002,0.0030,     0,0,0,0.00,0.00,-2147483648,0.00,0.00,N/A,11.69,11.86,209.67,0.99,24.64,0.01,0.17,0.00,0.33,0.00,0.78,0.00,0.03,0.93,0.40,0.0011,0.0159,     0,0,0,0.00,0.00,-2147483648,0.00,0.00,N/A,1.69,5.12,209.67,0.33,8.26,0.00,0.03,0.19,0.16,  0%,  0%,0.26,0.17,  0%,  0%,0.39,0.56,  0%,  0%,0.81,0.67,  0%,  0%,0.80,99.20,0.00,100.00,0.00,0.00,0.39,99.61,0.00,100.00,0.00,0.00,0.00,0.00,0.00 ,0.00 ,-nan ,-nan ,0.08,0.07,0.01,0.28,0.03,0.89,0.00,0.03,0.93,0.29,0.0013,0.0190,     0,0,0,2.84,97.16,0.00,N/A,1.51,5.29,209.67,0.28,7.11,0.01,0.18,0.00,0.40,0.00,0.79,0.00,0.00,0.86,0.83,0.0002,0.0027,     0,0,0,0.05,99.95,0.00,N/A,0.03,0.08,209.67,0.40,9.97,0.00,0.00,0.01,1.47,0.00,0.97,0.00,0.00,0.96,0.45,0.0000,0.0011,     0,0,0,0.42,99.58,0.00,N/A,1.26,0.86,209.67,1.47,36.67,0.01,0.15,0.00,0.40,0.00,0.94,0.00,0.00,0.80,0.73,0.0009,0.0056,     0,0,0,0.06,99.94,0.00,N/A,0.05,0.12,209.67,0.40,10.08,0.00,0.01,0.04,1.67,0.02,0.91,0.00,0.00,0.99,0.92,0.0000,0.0005,     0,0,0,2.72,97.28,0.00,N/A,8.67,5.19,209.67,1.67,41.78,0.04,1.03,0.00,0.32,0.00,0.74,0.00,0.00,0.86,0.86,0.0002,0.0032,     0,0,0,0.04,99.96,0.00,N/A,0.02,0.07,209.67,0.32,8.12,0.00,0.00,0.00,0.51,0.00,0.52,0.00,0.00,0.80,0.68,0.0011,0.0067,     0,0,0,0.09,99.91,0.00,N/A,0.05,0.10,209.67,0.51,12.71,0.00,0.01,0.00,0.63,0.00,0.45,0.00,0.00,0.44,0.57,0.0026,0.0066,     0,0,0,0.15,99.85,0.00,N/A,0.09,0.15,209.67,0.63,15.66,0.00,0.01,0.01,0.31,0.02,0.81,0.00,0.02,0.95,0.35,0.0009,0.0191,     0,0,0,2.51,97.49,0.00,N/A,1.30,4.26,209.67,0.31,7.65,0.01,0.16,0.00,0.42,0.00,0.57,0.00,0.00,0.95,0.82,0.0001,0.0040,     0,0,0,0.05,99.95,0.00,N/A,0.02,0.06,209.67,0.42,10.39,0.00,0.00,0.00,0.47,0.00,0.45,0.00,0.00,0.48,0.67,0.0028,0.0059,     0,0,0,0.13,99.87,0.00,N/A,0.06,0.13,209.67,0.47,11.80,0.00,0.01,0.00,0.32,0.00,0.70,0.00,0.00,0.76,0.79,0.0009,0.0038,     0,0,0,0.07,99.93,0.00,N/A,0.03,0.11,209.67,0.32,7.99,0.00,0.00,0.00,0.46,0.00,0.61,0.00,0.00,0.89,0.85,0.0002,0.0030,     0,0,0,0.06,99.94,0.00,N/A,0.03,0.07,209.67,0.46,11.39,0.00,0.00,0.00,0.37,0.00,0.68,0.00,0.00,0.58,0.76,0.0017,0.0042,     0,0,0,0.08,99.92,0.00,N/A,0.04,0.11,209.67,0.37,9.13,0.00,0.00,0.00,0.40,0.00,0.58,0.00,0.00,1.00,0.79,0.0000,0.0043,     0,0,0,0.05,99.95,0.00,N/A,0.02,0.06,209.67,0.40,10.03,0.00,0.00,0.00,0.53,0.00,0.90,0.00,0.00,0.50,0.57,0.0027,0.0067,     0,0,0,0.17,99.83,0.00,N/A,0.17,0.33,209.67,0.53,13.19,0.00,0.02,
2024-03-21,11:16:15.772,0.00,0.73,0.00,0.87,0.00,0.06,0.93,0.55,0.0003,0.0053,0.00,0.00,-2147483648,0.00,0.00,11.39,15.65,210.27,0.73,18.19,0.00,0.08,0.55,0.40,1.80,0.53,99.47,0.00,100.00,0.00,0.00,0.00,0.00,-nan,0.08,0.01,0.91,0.01,0.94,0.00,0.03,0.93,0.64,0.0002,0.0033,     0,0,0,0.00,0.00,-2147483648,0.00,0.00,N/A,9.66,10.64,210.27,0.91,22.70,0.01,0.14,0.00,0.35,0.00,0.75,0.00,0.03,0.94,0.39,0.0009,0.0160,     0,0,0,0.00,0.00,-2147483648,0.00,0.00,N/A,1.73,5.02,210.27,0.35,8.63,0.00,0.03,0.10,0.18,  0%,  0%,0.17,0.09,  0%,  0%,0.29,0.47,  0%,  0%,0.58,0.47,  0%,  0%,0.67,99.33,0.00,100.00,0.00,0.00,0.40,99.60,0.00,100.00,0.00,0.00,0.00,0.00,0.00 ,0.00 ,-nan ,-nan ,0.08,0.08,0.01,0.28,0.02,0.92,0.00,0.03,0.94,0.29,0.0011,0.0190,     0,0,0,2.70,97.30,0.00,N/A,1.49,5.22,210.27,0.28,7.12,0.01,0.18,0.01,1.49,0.00,0.98,0.00,0.00,0.69,0.72,0.0001,0.0005,     0,0,0,0.43,99.57,0.00,N/A,1.31,0.88,210.27,1.49,37.23,0.01,0.16,0.00,0.35,0.00,0.72,0.00,0.00,0.90,0.88,0.0002,0.0022,     0,0,0,0.03,99.97,0.00,N/A,0.02,0.05,210.27,0.35,8.86,0.00,0.00,0.00,0.46,0.00,0.87,0.00,0.00,0.73,0.73,0.0010,0.0047,     0,0,0,0.10,99.90,0.00,N/A,0.08,0.18,210.27,0.46,11.50,0.00,0.01,0.03,1.68,0.02,0.98,0.00,0.00,0.91,0.96,0.0000,0.0003,     0,0,0,1.89,98.11,0.00,N/A,6.55,3.91,210.27,1.68,41.89,0.03,0.78,0.00,0.37,0.00,0.71,0.00,0.00,0.72,0.89,0.0005,0.0021,     0,0,0,0.03,99.97,0.00,N/A,0.02,0.05,210.27,0.37,9.14,0.00,0.00,0.00,0.54,0.00,0.80,0.00,0.00,0.84,0.69,0.0005,0.0053,     0,0,0,0.10,99.90,0.00,N/A,0.09,0.17,210.27,0.54,13.61,0.00,0.01,0.00,0.59,0.00,0.91,0.00,0.00,0.65,0.59,0.0018,0.0067,     0,0,0,0.09,99.91,0.00,N/A,0.10,0.18,210.27,0.59,14.63,0.00,0.01,0.01,0.31,0.02,0.81,0.00,0.03,0.96,0.34,0.0009,0.0193,     0,0,0,2.49,97.51,0.00,N/A,1.31,4.24,210.27,0.31,7.74,0.01,0.16,0.00,0.40,0.00,0.54,0.00,0.00,0.80,0.92,0.0002,0.0014,     0,0,0,0.04,99.96,0.00,N/A,0.02,0.05,210.27,0.40,10.05,0.00,0.00,0.00,0.48,0.00,0.69,0.00,0.00,0.72,0.69,0.0014,0.0062,     0,0,0,0.12,99.88,0.00,N/A,0.08,0.17,210.27,0.48,11.99,0.00,0.01,0.00,0.40,0.00,0.65,0.00,0.00,0.94,0.79,0.0002,0.0037,     0,0,0,0.06,99.94,0.00,N/A,0.03,0.08,210.27,0.40,9.99,0.00,0.00,0.00,0.50,0.00,0.57,0.00,0.00,0.49,0.82,0.0009,0.0034,     0,0,0,0.06,99.94,0.00,N/A,0.04,0.07,210.27,0.50,12.60,0.00,0.00,0.00,0.49,0.00,0.77,0.00,0.00,0.82,0.68,0.0008,0.0060,     0,0,0,0.07,99.93,0.00,N/A,0.05,0.11,210.27,0.49,12.23,0.00,0.01,0.00,0.42,0.00,0.52,0.00,0.00,0.88,0.83,0.0002,0.0033,     0,0,0,0.05,99.95,0.00,N/A,0.02,0.05,210.27,0.42,10.46,0.00,0.00,0.00,0.70,0.00,0.41,0.00,0.00,0.74,0.56,0.0017,0.0075,     0,0,0,0.29,99.71,0.00,N/A,0.17,0.25,210.27,0.70,17.56,0.00,0.02,
2024-03-21,11:16:15.872,0.00,0.78,0.00,0.90,0.00,0.06,0.94,0.58,0.0003,0.0047,0.00,0.00,-2147483648,0.00,0.00,12.99,16.72,210.04,0.78,19.43,0.00,0.10,0.32,0.21,0.96,0.55,99.45,0.00,100.00,0.00,0.00,0.00,0.00,-nan,0.09,0.01,0.97,0.01,0.97,0.00,0.03,0.93,0.67,0.0002,0.0029,     0,0,0,0.00,0.00,-2147483648,0.00,0.00,N/A,11.28,11.68,210.04,0.97,24.13,0.01,0.17,0.00,0.34,0.00,0.77,0.00,0.03,0.94,0.39,0.0009,0.0163,     0,0,0,0.00,0.00,-2147483648,0.00,0.00,N/A,1.72,5.03,210.04,0.34,8.54,0.00,0.03,0.07,0.10,  0%,  0%,0.12,0.04,  0%,  0%,0.15,0.30,  0%,  0%,0.30,0.21,  0%,  0%,0.72,99.28,0.00,100.00,0.00,0.00,0.39,99.61,0.00,100.00,0.00,0.00,0.00,0.00,0.00 ,0.00 ,-nan ,-nan ,0.09,0.10,0.01,0.28,0.03,0.96,0.00,0.03,0.94,0.28,0.0011,0.0188,     0,0,0,2.72,97.28,0.00,N/A,1.51,5.46,210.04,0.28,6.89,0.01,0.18,0.00,1.50,0.00,0.98,0.00,0.00,0.74,0.84,0.0000,0.0003,     0,0,0,0.21,99.79,0.00,N/A,0.64,0.43,210.04,1.50,37.47,0.00,0.08,0.00,0.43,0.00,0.87,0.00,0.00,0.50,0.92,0.0007,0.0017,     0,0,0,0.03,99.97,0.00,N/A,0.02,0.05,210.04,0.43,10.82,0.00,0.00,0.00,0.48,0.00,0.93,0.00,0.00,0.86,0.70,0.0006,0.0058,     0,0,0,0.11,99.89,0.00,N/A,0.11,0.22,210.04,0.48,12.08,0.00,0.01,0.04,1.72,0.02,1.00,0.00,0.00,0.98,0.95,0.0000,0.0003,     0,0,0,2.44,97.56,0.00,N/A,8.80,5.13,210.04,1.72,42.93,0.04,1.05,0.00,0.43,0.00,0.85,0.00,0.00,0.82,0.90,0.0003,0.0018,     0,0,0,0.03,99.97,0.00,N/A,0.02,0.05,210.04,0.43,10.63,0.00,0.00,0.00,0.45,0.00,0.90,0.00,0.00,0.85,0.69,0.0006,0.0057,     0,0,0,0.08,99.92,0.00,N/A,0.07,0.15,210.04,0.45,11.14,0.00,0.01,0.00,0.55,0.00,0.89,0.00,0.00,0.73,0.59,0.0015,0.0068,     0,0,0,0.11,99.89,0.00,N/A,0.11,0.20,210.04,0.55,13.69,0.00,0.01,0.01,0.31,0.02,0.79,0.00,0.03,0.96,0.33,0.0008,0.0196,     0,0,0,2.49,97.51,0.00,N/A,1.30,4.13,210.04,0.31,7.83,0.01,0.15,0.00,0.36,0.00,0.54,0.00,0.00,0.83,0.90,0.0003,0.0018,     0,0,0,0.05,99.95,0.00,N/A,0.02,0.05,210.04,0.36,9.07,0.00,0.00,0.00,0.45,0.00,0.81,0.00,0.00,0.73,0.65,0.0011,0.0066,     0,0,0,0.10,99.90,0.00,N/A,0.08,0.17,210.04,0.45,11.27,0.00,0.01,0.00,0.39,0.00,0.50,0.00,0.00,0.75,0.76,0.0012,0.0053,     0,0,0,0.13,99.87,0.00,N/A,0.05,0.14,210.04,0.39,9.63,0.00,0.01,0.00,0.40,0.00,0.59,0.00,0.00,0.54,0.90,0.0007,0.0019,     0,0,0,0.05,99.95,0.00,N/A,0.02,0.06,210.04,0.40,9.91,0.00,0.00,0.00,0.46,0.00,0.68,0.00,0.00,0.86,0.70,0.0007,0.0056,     0,0,0,0.07,99.93,0.00,N/A,0.05,0.11,210.04,0.46,11.55,0.00,0.01,0.00,0.36,0.00,0.54,0.00,0.00,0.96,0.89,0.0001,0.0019,     0,0,0,0.05,99.95,0.00,N/A,0.02,0.05,210.04,0.36,9.07,0.00,0.00,0.00,0.58,0.00,0.85,0.00,0.00,0.79,0.56,0.0014,0.0077,     0,0,0,0.18,99.82,0.00,N/A,0.18,0.31,210.04,0.58,14.38,0.00,0.02,
2024-03-21,11:16:15.971,0.01,0.85,0.01,0.87,0.01,0.07,0.89,0.61,0.0004,0.0040,0.00,0.00,-2147483648,0.00,0.00,17.02,20.10,209.76,0.85,21.17,0.01,0.13,1.26,0.24,3.40,0.68,99.32,0.00,100.00,0.00,0.00,0.00,0.00,-nan,0.08,0.01,0.99,0.01,0.87,0.00,0.04,0.87,0.66,0.0004,0.0029,     0,0,0,0.00,0.00,-2147483648,0.00,0.00,N/A,13.08,13.20,209.76,0.99,24.76,0.01,0.19,0.00,0.57,0.00,0.88,0.00,0.03,0.93,0.49,0.0005,0.0076,     0,0,0,0.00,0.00,-2147483648,0.00,0.00,N/A,3.94,6.89,209.76,0.57,14.29,0.00,0.06,0.72,0.38,  0%,  0%,0.12,0.04,  0%,  0%,1.59,1.21,  1%,  1%,0.34,0.24,  0%,  0%,0.90,99.10,0.00,100.00,0.00,0.00,0.47,99.53,0.00,100.00,0.00,0.00,0.00,0.00,0.00 ,0.00 ,-nan ,-nan ,0.08,0.08,0.01,0.30,0.02,0.79,0.00,0.03,0.94,0.28,0.0012,0.0197,     0,0,0,3.01,96.99,0.00,N/A,1.47,4.96,209.76,0.30,7.41,0.01,0.18,0.01,1.56,0.00,0.96,0.00,0.00,0.34,0.76,0.0001,0.0003,     0,0,0,0.43,99.57,0.00,N/A,1.36,0.87,209.76,1.56,39.08,0.01,0.16,0.00,0.39,0.00,0.72,0.00,0.00,0.73,0.89,0.0005,0.0020,     0,0,0,0.03,99.97,0.00,N/A,0.02,0.05,209.76,0.39,9.66,0.00,0.00,0.00,0.41,0.00,0.84,0.00,0.00,0.81,0.62,0.0012,0.0077,     0,0,0,0.07,99.93,0.00,N/A,0.05,0.13,209.76,0.41,10.14,0.00,0.01,0.03,1.38,0.02,0.98,0.00,0.01,0.61,0.87,0.0004,0.0009,     0,0,0,2.49,97.51,0.00,N/A,7.01,5.08,209.76,1.38,34.54,0.03,0.84,0.01,1.65,0.01,0.85,0.00,0.00,0.91,0.95,0.0000,0.0003,     0,0,0,1.02,98.98,0.00,N/A,3.00,1.82,209.76,1.65,41.23,0.01,0.36,0.00,0.50,0.00,0.76,0.00,0.00,0.84,0.67,0.0008,0.0064,     0,0,0,0.07,99.93,0.00,N/A,0.05,0.11,209.76,0.50,12.59,0.00,0.01,0.00,0.55,0.00,0.86,0.00,0.00,0.59,0.59,0.0021,0.0069,     0,0,0,0.11,99.89,0.00,N/A,0.11,0.19,209.76,0.55,13.66,0.00,0.01,0.01,0.30,0.02,0.88,0.00,0.03,0.95,0.33,0.0009,0.0193,     0,0,0,2.39,97.61,0.00,N/A,1.34,4.43,209.76,0.30,7.56,0.01,0.16,0.00,0.37,0.00,0.53,0.00,0.00,0.59,0.89,0.0007,0.0020,     0,0,0,0.04,99.96,0.00,N/A,0.02,0.05,209.76,0.37,9.19,0.00,0.00,0.00,0.41,0.00,0.82,0.00,0.00,0.69,0.70,0.0012,0.0058,     0,0,0,0.07,99.93,0.00,N/A,0.05,0.12,209.76,0.41,10.26,0.00,0.01,0.00,0.44,0.00,0.63,0.00,0.00,0.80,0.71,0.0010,0.0063,     0,0,0,0.08,99.92,0.00,N/A,0.04,0.10,209.76,0.44,11.05,0.00,0.01,0.00,1.08,0.00,0.89,0.00,0.00,0.77,0.93,0.0002,0.0010,     0,0,0,0.32,99.68,0.00,N/A,0.65,0.60,209.76,1.08,26.88,0.00,0.08,0.01,1.38,0.01,0.92,0.00,0.00,0.85,0.75,0.0001,0.0009,     0,0,0,0.63,99.37,0.00,N/A,1.67,1.21,209.76,1.38,34.42,0.01,0.20,0.00,0.37,0.00,0.73,0.00,0.00,0.49,0.66,0.0023,0.0072,     0,0,0,0.08,99.92,0.00,N/A,0.04,0.12,209.76,0.37,9.20,0.00,0.01,0.00,0.50,0.00,0.97,0.00,0.00,0.61,0.57,0.0024,0.0074,     0,0,0,0.13,99.87,0.00,N/A,0.13,0.26,209.76,0.50,12.50,0.00,0.02,
2024-03-21,11:16:16.071,0.00,0.62,0.00,0.87,0.00,0.06,0.93,0.50,0.0005,0.0069,0.00,0.00,-2147483648,0.00,0.00,8.85,14.25,209.99,0.62,15.52,0.00,0.07,1.03,0.94,3.04,0.49,99.51,0.00,100.00,0.00,0.00,0.00,0.00,-nan,0.08,0.00,0.80,0.01,0.94,0.00,0.03,0.93,0.57,0.0003,0.0047,     0,0,0,0.00,0.00,-2147483648,0.00,0.00,N/A,7.15,8.98,209.99,0.80,19.90,0.00,0.11,0.00,0.32,0.00,0.76,0.00,0.03,0.93,0.39,0.0012,0.0160,     0,0,0,0.00,0.00,-2147483648,0.00,0.00,N/A,1.70,5.27,209.99,0.32,8.06,0.00,0.03,0.42,0.47,  0%,  0%,0.12,0.03,  0%,  0%,1.25,1.27,  1%,  1%,0.31,0.21,  0%,  0%,0.57,99.43,0.00,100.00,0.00,0.00,0.41,99.59,0.00,100.00,0.00,0.00,0.00,0.00,0.00 ,0.00 ,-nan ,-nan ,0.08,0.08,0.01,0.30,0.02,1.00,0.00,0.03,0.94,0.29,0.0012,0.0192,     0,0,0,2.36,97.64,0.00,N/A,1.47,4.96,209.99,0.30,7.41,0.01,0.18,0.00,0.47,0.00,0.63,0.00,0.00,0.81,0.78,0.0003,0.0038,     0,0,0,0.06,99.94,0.00,N/A,0.04,0.08,209.99,0.47,11.65,0.00,0.00,0.00,0.51,0.00,0.78,0.00,0.00,0.74,0.76,0.0003,0.0042,     0,0,0,0.09,99.91,0.00,N/A,0.07,0.15,209.99,0.51,12.87,0.00,0.01,0.00,0.46,0.00,0.89,0.00,0.00,0.87,0.65,0.0007,0.0069,     0,0,0,0.06,99.94,0.00,N/A,0.05,0.12,209.99,0.46,11.43,0.00,0.01,0.03,1.63,0.02,0.89,0.00,0.00,0.95,0.89,0.0000,0.0007,     0,0,0,1.74,98.26,0.00,N/A,5.28,3.25,209.99,1.63,40.67,0.03,0.63,0.00,0.54,0.00,0.81,0.00,0.00,0.70,0.77,0.0006,0.0031,     0,0,0,0.07,99.93,0.00,N/A,0.07,0.13,209.99,0.54,13.57,0.00,0.01,0.00,0.49,0.00,0.88,0.00,0.00,0.82,0.67,0.0010,0.0066,     0,0,0,0.06,99.94,0.00,N/A,0.05,0.11,209.99,0.49,12.22,0.00,0.01,0.00,0.57,0.00,0.93,0.00,0.00,0.57,0.57,0.0020,0.0064,     0,0,0,0.10,99.90,0.00,N/A,0.11,0.19,209.99,0.57,14.34,0.00,0.01,0.01,0.30,0.02,0.79,0.00,0.03,0.95,0.34,0.0009,0.0190,     0,0,0,2.69,97.31,0.00,N/A,1.32,4.44,209.99,0.30,7.46,0.01,0.16,0.00,0.37,0.00,0.59,0.00,0.00,0.76,0.90,0.0003,0.0016,     0,0,0,0.05,99.95,0.00,N/A,0.02,0.06,209.99,0.37,9.21,0.00,0.00,0.00,0.45,0.00,0.41,0.00,0.00,0.61,0.77,0.0013,0.0043,     0,0,0,0.11,99.89,0.00,N/A,0.04,0.10,209.99,0.45,11.29,0.00,0.01,0.00,0.40,0.00,0.48,0.00,0.00,0.64,0.76,0.0014,0.0043,     0,0,0,0.08,99.92,0.00,N/A,0.03,0.08,209.99,0.40,9.89,0.00,0.00,0.00,0.36,0.00,0.57,0.00,0.00,0.84,0.90,0.0003,0.0019,     0,0,0,0.04,99.96,0.00,N/A,0.02,0.05,209.99,0.36,8.93,0.00,0.00,0.00,0.42,0.00,0.84,0.00,0.00,0.72,0.69,0.0015,0.0057,     0,0,0,0.07,99.93,0.00,N/A,0.05,0.12,209.99,0.42,10.39,0.00,0.01,0.00,0.39,0.00,0.57,0.00,0.00,0.94,0.89,0.0001,0.0021,     0,0,0,0.04,99.96,0.00,N/A,0.02,0.05,209.99,0.39,9.67,0.00,0.00,0.00,0.51,0.00,0.89,0.00,0.00,0.46,0.53,0.0033,0.0070,     0,0,0,0.20,99.80,0.00,N/A,0.19,0.38,209.99,0.51,12.64,0.00,0.02,
2024-03-21,11:16:16.172,0.00,0.71,0.00,0.89,0.00,0.06,0.94,0.50,0.0004,0.0058,0.00,0.00,-2147483648,0.00,0.00,10.90,15.37,210.16,0.71,17.73,0.00,0.08,0.68,1.01,1.97,0.51,99.49,0.00,100.00,0.00,0.00,0.00,0.00,-nan,0.07,0.01,0.91,0.01,0.91,0.00,0.04,0.93,0.57,0.0003,0.0039,     0,0,0,0.00,0.00,-2147483648,0.00,0.00,N/A,9.18,10.05,210.16,0.91,22.82,0.01,0.14,0.00,0.32,0.00,0.85,0.00,0.03,0.94,0.39,0.0009,0.0160,     0,0,0,0.00,0.00,-2147483648,0.00,0.00,N/A,1.72,5.32,210.16,0.32,8.10,0.00,0.03,0.19,0.32,  0%,  0%,0.13,0.05,  0%,  0%,0.73,0.77,  0%,  0%,0.28,0.19,  0%,  0%,0.66,99.34,0.00,100.00,0.00,0.00,0.37,99.63,0.00,100.00,0.00,0.00,0.00,0.00,0.00 ,0.00 ,-nan ,-nan ,0.07,0.08,0.01,0.30,0.02,0.89,0.00,0.03,0.94,0.29,0.0011,0.0194,     0,0,0,2.58,97.42,0.00,N/A,1.45,4.85,210.16,0.30,7.50,0.01,0.17,0.01,1.53,0.00,0.97,0.00,0.00,0.44,0.77,0.0001,0.0003,     0,0,0,0.41,99.59,0.00,N/A,1.29,0.84,210.16,1.53,38.15,0.01,0.15,0.00,0.39,0.00,0.65,0.00,0.00,0.80,0.80,0.0004,0.0043,     0,0,0,0.04,99.96,0.00,N/A,0.02,0.06,210.16,0.39,9.68,0.00,0.00,0.00,0.47,0.00,0.77,0.00,0.00,0.85,0.72,0.0006,0.0056,     0,0,0,0.06,99.94,0.00,N/A,0.05,0.10,210.16,0.47,11.75,0.00,0.01,0.03,1.61,0.02,0.94,0.00,0.01,0.96,0.84,0.0000,0.0009,     0,0,0,1.93,98.07,0.00,N/A,6.16,3.84,210.16,1.61,40.17,0.03,0.73,0.00,0.53,0.00,0.62,0.00,0.00,0.72,0.79,0.0008,0.0043,     0,0,0,0.05,99.95,0.00,N/A,0.04,0.07,210.16,0.53,13.29,0.00,0.00,0.00,0.52,0.00,0.77,0.00,0.00,0.87,0.67,0.0007,0.0070,     0,0,0,0.07,99.93,0.00,N/A,0.06,0.11,210.16,0.52,13.07,0.00,0.01,0.00,0.58,0.00,0.88,0.00,0.00,0.69,0.58,0.0016,0.0070,     0,0,0,0.10,99.90,0.00,N/A,0.11,0.18,210.16,0.58,14.43,0.00,0.01,0.01,0.29,0.02,0.90,0.00,0.03,0.96,0.34,0.0009,0.0193,     0,0,0,2.39,97.61,0.00,N/A,1.32,4.50,210.16,0.29,7.33,0.01,0.16,0.00,0.38,0.00,0.61,0.00,0.00,0.96,0.90,0.0001,0.0018,     0,0,0,0.04,99.96,0.00,N/A,0.02,0.05,210.16,0.38,9.40,0.00,0.00,0.00,0.47,0.00,0.75,0.00,0.00,0.71,0.74,0.0009,0.0044,     0,0,0,0.13,99.87,0.00,N/A,0.09,0.20,210.16,0.47,11.71,0.00,0.01,0.00,0.41,0.00,0.69,0.00,0.00,0.88,0.71,0.0005,0.0053,     0,0,0,0.06,99.94,0.00,N/A,0.04,0.09,210.16,0.41,10.22,0.00,0.00,0.00,0.46,0.00,0.59,0.00,0.00,0.92,0.82,0.0002,0.0036,     0,0,0,0.05,99.95,0.00,N/A,0.03,0.06,210.16,0.46,11.42,0.00,0.00,0.00,0.46,0.00,0.75,0.00,0.00,0.80,0.69,0.0010,0.0057,     0,0,0,0.07,99.93,0.00,N/A,0.05,0.11,210.16,0.46,11.39,0.00,0.01,0.00,0.41,0.00,0.59,0.00,0.00,0.78,0.82,0.0003,0.0033,     0,0,0,0.05,99.95,0.00,N/A,0.02,0.06,210.16,0.41,10.36,0.00,0.00,0.00,0.61,0.00,0.60,0.00,0.00,0.68,0.55,0.0019,0.0069,     0,0,0,0.21,99.79,0.00,N/A,0.16,0.26,210.16,0.61,15.14,0.00,0.02,
2024-03-21,11:16:16.272,0.00,0.67,0.00,0.89,0.00,0.06,0.94,0.55,0.0004,0.0058,0.00,0.00,-2147483648,0.00,0.00,10.26,15.23,209.84,0.67,16.84,0.00,0.08,0.53,0.51,1.80,0.51,99.49,0.00,100.00,0.00,0.00,0.00,0.00,-nan,0.08,0.00,0.36,0.00,0.86,0.00,0.03,0.93,0.36,0.0009,0.0137,     0,0,0,0.00,0.00,-2147483648,0.00,0.00,N/A,2.22,6.19,209.84,0.36,8.95,0.00,0.03,0.00,0.89,0.01,0.91,0.00,0.03,0.94,0.66,0.0002,0.0036,     0,0,0,0.00,0.00,-2147483648,0.00,0.00,N/A,8.04,9.03,209.84,0.89,22.26,0.00,0.12,0.13,0.11,  0%,  0%,0.18,0.11,  0%,  0%,0.23,0.43,  0%,  0%,0.61,0.53,  0%,  0%,0.43,99.57,0.00,100.00,0.00,0.00,0.59,99.41,0.00,100.00,0.00,0.00,0.00,0.00,0.00 ,0.00 ,-nan ,-nan ,0.08,0.07,0.01,0.29,0.02,0.91,0.00,0.03,0.94,0.29,0.0012,0.0190,     0,0,0,2.70,97.30,0.00,N/A,1.49,5.14,209.84,0.29,7.24,0.01,0.18,0.00,1.18,0.00,0.80,0.00,0.00,0.78,0.86,0.0001,0.0005,     0,0,0,0.18,99.82,0.00,N/A,0.36,0.30,209.84,1.18,29.44,0.00,0.04,0.00,0.30,0.00,0.59,0.00,0.00,0.71,0.92,0.0003,0.0015,     0,0,0,0.05,99.95,0.00,N/A,0.02,0.06,209.84,0.30,7.59,0.00,0.00,0.00,0.47,0.00,0.85,0.00,0.00,0.83,0.73,0.0007,0.0054,     0,0,0,0.07,99.93,0.00,N/A,0.06,0.12,209.84,0.47,11.63,0.00,0.01,0.00,0.54,0.00,0.46,0.00,0.00,0.71,0.85,0.0002,0.0025,     0,0,0,0.13,99.87,0.00,N/A,0.07,0.12,209.84,0.54,13.50,0.00,0.01,0.00,0.45,0.00,0.46,0.00,0.00,0.82,0.85,0.0002,0.0027,     0,0,0,0.13,99.87,0.00,N/A,0.06,0.12,209.84,0.45,11.31,0.00,0.01,0.00,0.49,0.00,0.76,0.00,0.00,0.89,0.69,0.0005,0.0059,     0,0,0,0.08,99.92,0.00,N/A,0.06,0.13,209.84,0.49,12.22,0.00,0.01,0.00,0.58,0.00,0.82,0.00,0.00,0.80,0.58,0.0010,0.0068,     0,0,0,0.11,99.89,0.00,N/A,0.11,0.19,209.84,0.58,14.47,0.00,0.01,0.01,0.30,0.02,0.89,0.00,0.02,0.96,0.35,0.0008,0.0189,     0,0,0,2.39,97.61,0.00,N/A,1.31,4.45,209.84,0.30,7.39,0.01,0.16,0.01,1.67,0.01,0.98,0.00,0.00,0.93,0.96,0.0000,0.0003,     0,0,0,0.89,99.11,0.00,N/A,3.07,1.84,209.84,1.67,41.66,0.01,0.36,0.00,0.44,0.00,0.85,0.00,0.00,0.78,0.70,0.0008,0.0055,     0,0,0,0.06,99.94,0.00,N/A,0.05,0.11,209.84,0.44,10.96,0.00,0.01,0.00,0.40,0.00,0.61,0.00,0.00,0.78,0.87,0.0004,0.0024,     0,0,0,0.06,99.94,0.00,N/A,0.03,0.08,209.84,0.40,9.95,0.00,0.00,0.00,0.36,0.00,0.64,0.00,0.00,0.77,0.89,0.0004,0.0019,     0,0,0,0.04,99.96,0.00,N/A,0.02,0.05,209.84,0.36,9.12,0.00,0.00,0.02,1.58,0.01,0.94,0.00,0.00,0.84,0.94,0.0001,0.0004,     0,0,0,1.08,98.92,0.00,N/A,3.35,2.12,209.84,1.58,39.56,0.02,0.40,0.00,0.38,0.00,0.63,0.00,0.00,0.86,0.88,0.0002,0.0022,     0,0,0,0.04,99.96,0.00,N/A,0.02,0.05,209.84,0.38,9.40,0.00,0.00,0.00,0.57,0.00,0.95,0.00,0.00,0.75,0.56,0.0014,0.0068,     0,0,0,0.17,99.83,0.00,N/A,0.19,0.33,209.84,0.57,14.22,0.00,0.02,
2024-03-21,11:16:16.372,0.00,0.68,0.00,0.91,0.00,0.06,0.94,0.55,0.0003,0.0054,0.00,0.00,-2147483648,0.00,0.00,11.26,16.62,210.14,0.68,16.94,0.00,0.08,0.43,0.3,0.78,19.53,0.00,0.10,0.41,0.29,1.06,0.56,99.44,0.00,100.00,0.00,0.00,0.00,0.00,-nan,0.08,0.00,0.72,0.00,0.88,0.00,0.03,0.93,0.50,0.0004,0.0059,     0,0,0,0.00,0.00,-2147483648,0.00,0.00,N/A,5.75,7.95,210.16,0.72,18.11,0.00,0.09,0.00,0.83,0.01,0.88,0.00,0.03,0.93,0.57,0.0003,0.0044,     0,0,0,0.00,0.00,-2147483648,0.00,0.00,N/A,7.22,8.67,210.16,0.83,20.83,0.00,0.11,0.10,0.11,  0%,  0%,0.14,0.06,  0%,  0%,0.21,0.30,  0%,  0%,0.32,0.22,  0%,  0%,0.54,99.46,0.00,100.00,0.00,0.00,0.59,99.41,0.00,100.00,0.00,0.00,0.00,0.00,0.00 ,0.00 ,-nan ,-nan ,0.07,0.09,0.01,0.31,0.02,0.83,0.00,0.03,0.94,0.28,0.0012,0.0206,     0,0,0,2.60,97.40,0.00,N/A,1.39,4.56,210.16,0.31,7.63,0.01,0.17,0.00,1.17,0.00,0.94,0.00,0.00,0.62,0.68,0.0003,0.0010,     0,0,0,0.35,99.65,0.00,N/A,0.80,0.69,210.16,1.17,29.29,0.00,0.10,0.00,0.45,0.00,0.83,0.00,0.00,0.74,0.72,0.0009,0.0055,     0,0,0,0.06,99.94,0.00,N/A,0.05,0.10,210.16,0.45,11.32,0.00,0.01,0.00,0.48,0.00,0.83,0.00,0.00,0.87,0.72,0.0006,0.0057,     0,0,0,0.06,99.94,0.00,N/A,0.05,0.10,210.16,0.48,12.05,0.00,0.01,0.02,1.57,0.01,0.98,0.00,0.00,0.91,0.86,0.0001,0.0009,     0,0,0,1.00,99.00,0.00,N/A,3.25,2.07,210.16,1.57,39.31,0.02,0.39,0.00,0.47,0.00,0.86,0.00,0.00,0.82,0.71,0.0009,0.0059,     0,0,0,0.06,99.94,0.00,N/A,0.05,0.11,210.16,0.47,11.68,0.00,0.01,0.00,0.48,0.00,0.83,0.00,0.00,0.89,0.73,0.0004,0.0051,     0,0,0,0.06,99.94,0.00,N/A,0.05,0.11,210.16,0.48,12.08,0.00,0.01,0.00,0.51,0.00,0.82,0.00,0.00,0.80,0.61,0.0009,0.0065,     0,0,0,0.12,99.88,0.00,N/A,0.10,0.20,210.16,0.51,12.75,0.00,0.01,0.01,0.31,0.02,0.83,0.00,0.03,0.95,0.33,0.0009,0.0195,     0,0,0,2.54,97.46,0.00,N/A,1.36,4.40,210.16,0.31,7.75,0.01,0.16,0.00,1.44,0.00,0.95,0.00,0.00,0.67,0.91,0.0002,0.0005,     0,0,0,0.35,99.65,0.00,N/A,1.02,0.71,210.16,1.44,35.91,0.00,0.12,0.00,0.46,0.00,0.81,0.00,0.00,0.59,0.73,0.0014,0.0053,     0,0,0,0.09,99.91,0.00,N/A,0.07,0.15,210.16,0.46,11.41,0.00,0.01,0.00,0.43,0.00,0.75,0.00,0.00,0.79,0.69,0.0011,0.0057,     0,0,0,0.07,99.93,0.00,N/A,0.05,0.11,210.16,0.43,10.70,0.00,0.01,0.00,0.45,0.00,0.75,0.00,0.00,0.79,0.70,0.0011,0.0056,     0,0,0,0.07,99.93,0.00,N/A,0.05,0.10,210.16,0.45,11.37,0.00,0.01,0.02,1.52,0.01,0.97,0.00,0.00,0.77,0.89,0.0002,0.0007,     0,0,0,1.05,98.95,0.00,N/A,3.27,2.14,210.16,1.52,38.11,0.02,0.39,0.01,1.49,0.00,0.96,0.00,0.00,0.79,0.67,0.0001,0.0005,     0,0,0,0.43,99.57,0.00,N/A,1.30,0.87,210.16,1.49,37.31,0.01,0.16,0.00,0.58,0.00,0.86,0.00,0.00,0.83,0.58,0.0009,0.0070,     0,0,0,0.10,99.90,0.00,N/A,0.10,0.18,210.16,0.58,14.52,0.00,0.01,
2024-03-21,11:16:16.364,0.00,0.72,0.00,0.85,0.00,0.06,0.93,0.51,0.0004,0.0055,0.00,0.00,-2147483648,0.00,0.00,11.58,16.07,209.89,0.72,18.01,0.00,0.09,1.13,0.98,4.05,0.56,99.44,0.00,100.00,0.00,0.00,0.00,0.00,-nan,0.08,0.00,0.47,0.00,0.82,0.00,0.03,0.94,0.37,0.0006,0.0111,     0,0,0,0.00,0.00,-2147483648,0.00,0.00,N/A,2.71,5.83,209.89,0.47,11.64,0.00,0.04,0.01,0.87,0.01,0.87,0.00,0.03,0.91,0.59,0.0003,0.0038,     0,0,0,0.00,0.00,-2147483648,0.00,0.00,N/A,8.86,10.24,209.89,0.87,21.63,0.01,0.13,0.19,0.20,  0%,  0%,0.41,0.33,  0%,  0%,0.51,0.51,  0%,  0%,1.56,1.46,  1%,  1%,0.42,99.58,0.00,100.00,0.00,0.00,0.70,99.30,0.00,100.00,0.00,0.00,0.00,0.00,0.00 ,0.00 ,-nan ,-nan ,0.08,0.08,0.01,0.31,0.02,0.83,0.00,0.03,0.95,0.30,0.0010,0.0199,     0,0,0,2.52,97.48,0.00,N/A,1.38,4.39,209.89,0.31,7.84,0.01,0.16,0.00,1.39,0.00,0.92,0.00,0.00,0.76,0.65,0.0001,0.0006,     0,0,0,0.35,99.65,0.00,N/A,0.94,0.67,209.89,1.39,34.66,0.00,0.11,0.00,0.49,0.00,0.67,0.00,0.00,0.82,0.70,0.0007,0.0059,     0,0,0,0.08,99.92,0.00,N/A,0.05,0.11,209.89,0.49,12.19,0.00,0.01,0.00,0.50,0.00,0.66,0.00,0.00,0.90,0.72,0.0004,0.0058,     0,0,0,0.08,99.92,0.00,N/A,0.05,0.11,209.89,0.50,12.59,0.00,0.01,0.00,0.56,0.00,0.62,0.00,0.00,0.85,0.73,0.0006,0.0047,     0,0,0,0.10,99.90,0.00,N/A,0.08,0.13,209.89,0.56,14.12,0.00,0.01,0.00,0.46,0.00,0.81,0.00,0.00,0.92,0.71,0.0003,0.0060,     0,0,0,0.09,99.91,0.00,N/A,0.07,0.14,209.89,0.46,11.62,0.00,0.01,0.00,0.50,0.00,0.67,0.00,0.00,0.92,0.69,0.0004,0.0064,     0,0,0,0.08,99.92,0.00,N/A,0.05,0.11,209.89,0.50,12.50,0.00,0.01,0.00,0.61,0.00,0.83,0.00,0.00,0.83,0.59,0.0008,0.0064,     0,0,0,0.09,99.91,0.00,N/A,0.10,0.16,209.89,0.61,15.30,0.00,0.01,0.01,0.29,0.02,0.88,0.00,0.03,0.95,0.32,0.0009,0.0192,     0,0,0,2.61,97.39,0.00,N/A,1.41,4.81,209.89,0.29,7.32,0.01,0.17,0.03,1.63,0.02,0.83,0.00,0.00,0.90,0.90,0.0001,0.0006,     0,0,0,1.91,98.09,0.00,N/A,5.42,3.33,209.89,1.63,40.66,0.03,0.65,0.00,0.43,0.00,0.76,0.00,0.00,0.79,0.69,0.0010,0.0062,     0,0,0,0.07,99.93,0.00,N/A,0.05,0.12,209.89,0.43,10.85,0.00,0.01,0.00,0.46,0.00,0.72,0.00,0.00,0.83,0.70,0.0009,0.0058,     0,0,0,0.08,99.92,0.00,N/A,0.06,0.12,209.89,0.46,11.56,0.00,0.01,0.00,0.47,0.00,0.76,0.00,0.00,0.83,0.70,0.0009,0.0058,     0,0,0,0.07,99.93,0.00,N/A,0.05,0.11,209.89,0.47,11.80,0.00,0.01,0.00,0.39,0.00,0.75,0.00,0.00,0.69,0.74,0.0013,0.0045,     0,0,0,0.07,99.93,0.00,N/A,0.04,0.11,209.89,0.39,9.87,0.00,0.00,0.01,1.52,0.00,0.96,0.00,0.00,0.75,0.67,0.0001,0.0005,     0,0,0,0.43,99.57,0.00,N/A,1.30,0.86,209.89,1.52,38.06,0.01,0.16,0.00,0.67,0.00,0.98,0.00,0.00,0.41,0.57,0.0018,0.0031,     0,0,0,0.39,99.61,0.00,N/A,0.53,0.79,209.89,0.67,16.85,0.00,0.06,
2024-03-21,11:16:16.464,0.00,0.66,0.01,0.91,0.00,0.06,0.94,0.53,0.0003,0.0056,0.00,0.00,-2147483648,0.00,0.00,11.27,17.10,211.86,0.66,16.48,0.00,0.08,0.98,0.72,2.94,0.56,99.44,0.00,100.00,0.00,0.00,0.00,0.00,-nan,0.09,0.00,0.36,0.00,0.88,0.00,0.03,0.94,0.43,0.0008,0.0130,     0,0,0,0.00,0.00,-2147483648,0.00,0.00,N/A,2.33,6.49,211.86,0.36,8.97,0.00,0.03,0.01,0.84,0.01,0.93,0.00,0.03,0.94,0.59,0.0002,0.0037,     0,0,0,0.00,0.00,-2147483648,0.00,0.00,N/A,8.95,10.61,211.86,0.84,21.07,0.01,0.13,0.30,0.38,  0%,  0%,0.19,0.11,  0%,  0%,0.87,0.92,  0%,  0%,0.62,0.53,  0%,  0%,0.44,99.56,0.00,100.00,0.00,0.00,0.68,99.32,0.00,100.00,0.00,0.00,0.00,0.00,0.00 ,0.00 ,-nan ,-nan ,0.09,0.08,0.01,0.31,0.02,0.91,0.00,0.03,0.95,0.30,0.0010,0.0199,     0,0,0,2.33,97.67,0.00,N/A,1.38,4.52,211.86,0.31,7.65,0.01,0.16,0.00,0.78,0.00,0.81,0.00,0.00,0.74,0.62,0.0005,0.0027,     0,0,0,0.16,99.84,0.00,N/A,0.22,0.28,211.86,0.78,19.42,0.00,0.03,0.00,0.44,0.00,0.66,0.00,0.00,0.84,0.78,0.0005,0.0042,     0,0,0,0.08,99.92,0.00,N/A,0.05,0.11,211.86,0.44,11.05,0.00,0.01,0.00,0.38,0.00,0.93,0.00,0.00,0.60,0.93,0.0004,0.0012,     0,0,0,0.51,99.49,0.00,N/A,0.38,1.00,211.86,0.38,9.49,0.00,0.05,0.00,0.53,0.00,0.58,0.00,0.00,0.75,0.74,0.0007,0.0043,     0,0,0,0.15,99.85,0.00,N/A,0.10,0.18,211.86,0.53,13.37,0.00,0.01,0.00,0.41,0.00,0.79,0.00,0.00,0.83,0.77,0.0005,0.0044,     0,0,0,0.06,99.94,0.00,N/A,0.04,0.10,211.86,0.41,10.14,0.00,0.01,0.00,0.44,0.00,0.66,0.00,0.00,0.84,0.74,0.0006,0.0050,     0,0,0,0.08,99.92,0.00,N/A,0.05,0.11,211.86,0.44,10.91,0.00,0.01,0.00,0.61,0.00,0.69,0.00,0.00,0.82,0.58,0.0009,0.0064,     0,0,0,0.13,99.87,0.00,N/A,0.11,0.19,211.86,0.61,15.19,0.00,0.01,0.01,0.27,0.03,0.95,0.00,0.03,0.96,0.33,0.0008,0.0183,     0,0,0,2.65,97.35,0.00,N/A,1.45,5.35,211.86,0.27,6.79,0.01,0.17,0.03,1.64,0.02,0.97,0.00,0.00,0.95,0.88,0.0000,0.0007,     0,0,0,1.69,98.31,0.00,N/A,5.68,3.45,211.86,1.64,41.10,0.03,0.67,0.00,0.91,0.00,0.77,0.00,0.00,0.73,0.39,0.0011,0.0040,     0,0,0,0.20,99.80,0.00,N/A,0.29,0.32,211.86,0.91,22.64,0.00,0.03,0.00,0.31,0.00,0.79,0.00,0.00,0.65,0.80,0.0006,0.0020,     0,0,0,0.21,99.79,0.00,N/A,0.11,0.35,211.86,0.31,7.71,0.00,0.01,0.00,0.48,0.00,0.50,0.00,0.00,0.73,0.78,0.0010,0.0040,     0,0,0,0.09,99.91,0.00,N/A,0.04,0.09,211.86,0.48,11.88,0.00,0.01,0.00,0.48,0.00,0.50,0.00,0.00,0.66,0.78,0.0012,0.0039,     0,0,0,0.09,99.91,0.00,N/A,0.04,0.09,211.86,0.48,12.07,0.00,0.01,0.01,1.48,0.00,0.98,0.00,0.00,0.59,0.70,0.0002,0.0005,     0,0,0,0.43,99.57,0.00,N/A,1.30,0.88,211.86,1.48,36.90,0.01,0.15,0.00,0.37,0.00,0.56,0.00,0.00,0.85,0.89,0.0003,0.0020,     0,0,0,0.05,99.95,0.00,N/A,0.02,0.06,211.86,0.37,9.16,0.00,0.00,1,,
2024-03-21,11:16:16.490,0.00,0.70,0.00,0.87,0.00,0.06,0.94,0.53,0.0003,0.0056,0.00,0.00,-2147483648,0.00,0.00,10.93,15.73,209.80,0.70,17.38,0.00,0.08,0.71,0.65,1.36,0.54,99.46,0.00,100.00,0.00,0.00,0.00,0.00,-nan,0.07,0.00,0.43,0.00,0.84,0.00,0.03,0.93,0.35,0.0008,0.0115,     0,0,0,0.00,0.00,-2147483648,0.00,0.00,N/A,2.58,5.97,209.80,0.43,10.83,0.00,0.04,0,0.0,0.01,0.91,0.01,0.84,0.00,0.03,0.94,0.64,0.0002,0.0038,     0,0,0,0.00,0.00,-2147483648,0.00,0.00,N/A,8.45,9.28,209.65,0.91,22.77,0.01,0.13,0.17,0.19,  0%,  0%,0.25,0.17,  0%,  0%,0.34,0.49,  0%,  0%,0.39,0.29,  0%,  0%,0.42,99.58,0.00,100.00,0.00,0.00,0.66,99.34,0.00,100.00,0.00,0.00,0.00,0.00,0.00 ,0.00 ,-nan ,-nan ,0.08,0.10,0.01,0.32,0.02,0.82,0.00,0.03,0.94,0.30,0.0011,0.0191,     0,0,0,2.68,97.32,0.00,N/A,1.47,4.61,209.65,0.32,8.01,0.01,0.18,0.00,1.22,0.00,0.85,0.00,0.00,0.82,0.82,0.0001,0.0006,     0,0,0,0.14,99.86,0.00,N/A,0.31,0.25,209.65,1.22,30.53,0.00,0.04,0.00,0.37,0.00,0.55,0.00,0.00,0.78,0.90,0.0004,0.0019,     0,0,0,0.04,99.96,0.00,N/A,0.02,0.05,209.65,0.37,9.13,0.00,0.00,0.00,0.49,0.00,0.84,0.00,0.00,0.83,0.65,0.0009,0.0065,     0,0,0,0.09,99.91,0.00,N/A,0.08,0.16,209.65,0.49,12.22,0.00,0.01,0.00,0.47,0.00,0.86,0.00,0.00,0.80,0.63,0.0012,0.0069,     0,0,0,0.09,99.91,0.00,N/A,0.08,0.16,209.65,0.47,11.78,0.00,0.01,0.00,0.50,0.00,0.62,0.00,0.00,0.84,0.65,0.0009,0.0072,     0,0,0,0.12,99.88,0.00,N/A,0.08,0.16,209.65,0.50,12.40,0.00,0.01,0.00,0.51,0.00,0.73,0.00,0.00,0.92,0.68,0.0004,0.0066,     0,0,0,0.11,99.89,0.00,N/A,0.08,0.16,209.65,0.51,12.65,0.00,0.01,0.00,0.56,0.00,0.79,0.00,0.00,0.74,0.58,0.0014,0.0068,     0,0,0,0.11,99.89,0.00,N/A,0.10,0.18,209.65,0.56,14.06,0.00,0.01,0.01,0.31,0.02,0.78,0.00,0.03,0.95,0.34,0.0010,0.0188,     0,0,0,2.71,97.29,0.00,N/A,1.38,4.45,209.65,0.31,7.75,0.01,0.16,0.03,1.64,0.02,0.90,0.00,0.00,0.95,0.91,0.0000,0.0006,     0,0,0,2.18,97.82,0.00,N/A,6.72,4.10,209.65,1.64,40.97,0.03,0.80,0.00,0.45,0.00,0.74,0.00,0.00,0.69,0.67,0.0013,0.0066,     0,0,0,0.09,99.91,0.00,N/A,0.06,0.13,209.65,0.45,11.20,0.00,0.01,0.00,0.48,0.00,0.85,0.00,0.00,0.83,0.69,0.0007,0.0064,     0,0,0,0.06,99.94,0.00,N/A,0.05,0.11,209.65,0.48,11.97,0.00,0.01,0.00,0.49,0.00,0.95,0.00,0.00,0.86,0.64,0.0008,0.0066,     0,0,0,0.08,99.92,0.00,N/A,0.08,0.17,209.65,0.49,12.26,0.00,0.01,0.00,0.48,0.00,0.87,0.00,0.00,0.83,0.71,0.0008,0.0059,     0,0,0,0.06,99.94,0.00,N/A,0.05,0.11,209.65,0.48,12.07,0.00,0.01,0.00,0.50,0.00,0.95,0.00,0.00,0.85,0.64,0.0008,0.0067,     0,0,0,0.08,99.92,0.00,N/A,0.08,0.16,209.65,0.50,12.49,0.00,0.01,0.00,0.47,0.00,0.75,0.00,0.00,0.96,0.83,0.0001,0.0035,     0,0,0,0.03,99.97,0.00,N/A,0.03,0.05,209.65,0.47,11.66,0.00,0.00,53,13.36,0.00,0.01,
2024-03-21,11:16:16.379,0.00,0.76,0.01,0.87,0.00,0.06,0.93,0.59,0.0003,0.0044,0.00,0.00,-2147483648,0.00,0.00,14.77,19.39,209.98,0.76,19.04,0.00,0.11,0.35,0.28,1.52,0.66,99.34,0.00,100.00,0.00,0.00,0.00,0.00,-nan,0.08,0.00,0.44,0.01,0.89,0.00,0.03,0.92,0.42,0.0007,0.0089,     0,0,0,0.00,0.00,-2147483648,0.00,0.00,N/A,3.74,8.53,209.98,0.44,10.96,0.00,0.06,0.01,1.02,0.01,0.86,0.00,0.03,0.93,0.68,0.0002,0.0029,     0,0,0,0.00,0.00,-2147483648,0.00,0.00,N/A,11.03,10.86,209.98,1.02,25.39,0.01,0.16,0.08,0.10,  0%,  0%,0.12,0.05,  0%,  0%,0.30,0.44,  0%,  0%,0.43,0.35,  0%,  0%,0.57,99.43,0.00,100.00,0.00,0.00,0.75,99.25,0.00,100.00,0.00,0.00,0.00,0.00,0.00 ,0.00 ,-nan ,-nan ,0.08,0.09,0.01,0.31,0.02,0.85,0.00,0.03,0.96,0.29,0.0009,0.0202,     0,0,0,2.46,97.54,0.00,N/A,1.36,4.40,209.98,0.31,7.70,0.01,0.16,0.01,1.36,0.00,0.92,0.00,0.00,0.76,0.68,0.0002,0.0008,     0,0,0,0.48,99.52,0.00,N/A,1.28,0.94,209.98,1.36,33.91,0.01,0.15,0.00,0.42,0.00,0.76,0.00,0.00,0.79,0.78,0.0007,0.0041,     0,0,0,0.04,99.96,0.00,N/A,0.02,0.06,209.98,0.42,10.38,0.00,0.00,0.00,0.27,0.01,0.98,0.00,0.00,0.46,0.81,0.0010,0.0022,     0,0,0,1.06,98.94,0.00,N/A,0.60,2.20,209.98,0.27,6.77,0.00,0.07,0.00,0.50,0.00,0.84,0.00,0.00,0.82,0.69,0.0008,0.0058,     0,0,0,0.12,99.88,0.00,N/A,0.11,0.22,209.98,0.50,12.46,0.00,0.01,0.00,0.45,0.00,0.85,0.00,0.00,0.86,0.63,0.0007,0.0074,     0,0,0,0.12,99.88,0.00,N/A,0.09,0.20,209.98,0.45,11.21,0.00,0.01,0.00,0.43,0.00,0.73,0.00,0.00,0.93,0.79,0.0002,0.0042,     0,0,0,0.04,99.96,0.00,N/A,0.02,0.06,209.98,0.43,10.86,0.00,0.00,0.00,0.59,0.00,0.88,0.00,0.00,0.73,0.47,0.0016,0.0074,     0,0,0,0.25,99.75,0.00,N/A,0.26,0.45,209.98,0.59,14.65,0.00,0.03,0.01,0.30,0.02,0.77,0.00,0.03,0.95,0.33,0.0010,0.0192,     0,0,0,2.81,97.19,0.00,N/A,1.37,4.55,209.98,0.30,7.50,0.01,0.16,0.03,1.68,0.02,0.93,0.00,0.00,0.93,0.93,0.0000,0.0004,     0,0,0,1.84,98.16,0.00,N/A,6.06,3.62,209.98,1.68,41.93,0.03,0.72,0.02,1.53,0.01,0.99,0.00,0.00,0.79,0.91,0.0001,0.0006,     0,0,0,1.06,98.94,0.00,N/A,3.38,2.20,209.98,1.53,38.37,0.02,0.40,0.00,0.46,0.00,0.87,0.00,0.00,0.79,0.66,0.0012,0.0065,     0,0,0,0.09,99.91,0.00,N/A,0.08,0.17,209.98,0.46,11.39,0.00,0.01,0.00,0.41,0.00,0.72,0.00,0.00,0.79,0.87,0.0003,0.0022,     0,0,0,0.03,99.97,0.00,N/A,0.02,0.05,209.98,0.41,10.19,0.00,0.00,0.00,0.40,0.00,0.71,0.00,0.00,0.62,0.88,0.0005,0.0020,     0,0,0,0.03,99.97,0.00,N/A,0.02,0.05,209.98,0.40,10.06,0.00,0.00,0.00,0.47,0.00,0.86,0.00,0.00,0.82,0.65,0.0011,0.0065,     0,0,0,0.09,99.91,0.00,N/A,0.08,0.16,209.98,0.47,11.87,0.00,0.01,0.00,0.48,0.00,0.71,0.00,0.00,0.91,0.84,0.0001,0.0029,     0,0,0,0.05,99.95,0.00,N/A,0.03,0.07,209.98,0.48,12.05,0.00,0.00,
2024-03-21,11:16:16.478,0.00,0.79,0.01,0.86,0.00,0.07,0.93,0.51,0.0003,0.0049,0.00,0.00,-2147483648,0.00,0.00,13.49,17.15,209.81,0.79,19.67,0.00,0.10,0.34,0.31,0.91,0.60,99.40,0.00,100.00,0.00,0.00,0.00,0.00,-nan,0.09,0.00,0.51,0.00,0.74,0.00,0.03,0.93,0.37,0.0006,0.0099,     0,0,0,0.00,0.00,-2147483648,0.00,0.00,N/A,3.23,6.34,209.81,0.51,12.74,0.00,0.05,0.01,0.95,0.01,0.95,0.00,0.03,0.93,0.60,0.0002,0.0033,     0,0,0,0.00,0.00,-2147483648,0.00,0.00,N/A,10.26,10.81,209.81,0.95,23.73,0.01,0.15,0.09,0.11,  0%,  0%,0.10,0.04,  0%,  0%,0.17,0.31,  0%,  0%,0.26,0.18,  0%,  0%,0.51,99.49,0.00,100.00,0.00,0.00,0.68,99.32,0.00,100.00,0.00,0.00,0.00,0.00,0.00 ,0.00 ,-nan ,-nan ,0.08,0.09,0.01,0.31,0.02,0.73,0.00,0.03,0.96,0.29,0.0009,0.0200,     0,0,0,2.88,97.12,0.00,N/A,1.37,4.43,209.81,0.31,7.76,0.01,0.16,0.01,1.45,0.00,0.70,0.00,0.00,0.56,0.62,0.0002,0.0008,     0,0,0,0.63,99.37,0.00,N/A,1.34,0.92,209.81,1.45,36.14,0.01,0.16,0.00,0.41,0.00,0.59,0.00,0.00,0.70,0.90,0.0004,0.0017,     0,0,0,0.04,99.96,0.00,N/A,0.02,0.05,209.81,0.41,10.34,0.00,0.00,0.00,0.49,0.00,0.85,0.00,0.00,0.67,0.59,0.0017,0.0069,     0,0,0,0.15,99.85,0.00,N/A,0.14,0.28,209.81,0.49,12.28,0.00,0.02,0.00,0.50,0.00,0.78,0.00,0.00,0.92,0.65,0.0004,0.0067,     0,0,0,0.09,99.91,0.00,N/A,0.08,0.15,209.81,0.50,12.60,0.00,0.01,0.00,0.51,0.00,0.77,0.00,0.00,0.86,0.66,0.0007,0.0067,     0,0,0,0.10,99.90,0.00,N/A,0.08,0.16,209.81,0.51,12.74,0.00,0.01,0.00,0.41,0.00,0.60,0.00,0.00,0.88,0.90,0.0002,0.0018,     0,0,0,0.04,99.96,0.00,N/A,0.02,0.05,209.81,0.41,10.29,0.00,0.00,0.00,0.62,0.00,0.87,0.00,0.00,0.81,0.54,0.0010,0.0073,     0,0,0,0.17,99.83,0.00,N/A,0.19,0.30,209.81,0.62,15.48,0.00,0.02,0.01,0.45,0.03,0.93,0.00,0.03,0.95,0.32,0.0006,0.0111,     0,0,0,2.80,97.20,0.00,N/A,2.44,5.46,209.81,0.45,11.18,0.01,0.29,0.03,1.67,0.02,0.99,0.00,0.00,0.96,0.89,0.0000,0.0007,     0,0,0,1.77,98.23,0.00,N/A,6.15,3.69,209.81,1.67,41.64,0.03,0.73,0.00,0.48,0.00,0.82,0.00,0.00,0.63,0.65,0.0019,0.0071,     0,0,0,0.11,99.89,0.00,N/A,0.09,0.19,209.81,0.48,12.00,0.00,0.01,0.00,0.50,0.00,0.83,0.00,0.00,0.82,0.67,0.0009,0.0063,     0,0,0,0.10,99.90,0.00,N/A,0.08,0.17,209.81,0.50,12.42,0.00,0.01,0.00,0.42,0.00,0.77,0.00,0.00,0.86,0.84,0.0003,0.0032,     0,0,0,0.03,99.97,0.00,N/A,0.02,0.05,209.81,0.42,10.62,0.00,0.00,0.00,0.50,0.00,0.79,0.00,0.00,0.87,0.77,0.0003,0.0049,     0,0,0,0.03,99.97,0.00,N/A,0.03,0.06,209.81,0.50,12.58,0.00,0.00,0.00,0.47,0.00,0.83,0.00,0.00,0.78,0.65,0.0012,0.0063,     0,0,0,0.10,99.90,0.00,N/A,0.08,0.17,209.81,0.47,11.74,0.00,0.01,0.01,1.34,0.00,0.98,0.00,0.00,0.62,0.59,0.0003,0.0009,     0,0,0,0.50,99.50,0.00,N/A,1.36,1.02,209.81,1.34,33.39,0.01,0.16,