System,System,System,System,System,System,System,System,System,System,System,System,System,System,System,System,System,System,System,System,System,System,System,System,System,System,System,System Core C-States,System Core C-States,System Core C-States,System Pack C-States,System Pack C-States,System Pack C-States,System Pack C-States,System Pack C-States,System Pack C-States,System Pack C-States,Socket 0,Socket 0,Socket 0,Socket 0,Socket 0,Socket 0,Socket 0,Socket 0,Socket 0,Socket 0,Socket 0,Socket 0,Socket 0,Socket 0,Socket 0,Socket 0,Socket 0,Socket 0,Socket 0,Socket 0,Socket 0,Socket 0,Socket 0,Socket 0,Socket 0,Socket 0,Socket 1,Socket 1,Socket 1,Socket 1,Socket 1,Socket 1,Socket 1,Socket 1,Socket 1,Socket 1,Socket 1,Socket 1,Socket 1,Socket 1,Socket 1,Socket 1,Socket 1,Socket 1,Socket 1,Socket 1,Socket 1,Socket 1,Socket 1,Socket 1,Socket 1,Socket 1,SKT0dataIn,SKT0dataIn,SKT0dataIn (percent),SKT0dataIn (percent),SKT1dataIn,SKT1dataIn,SKT1dataIn (percent),SKT1dataIn (percent),SKT0trafficOut,SKT0trafficOut,SKT0trafficOut (percent),SKT0trafficOut (percent),SKT1trafficOut,SKT1trafficOut,SKT1trafficOut (percent),SKT1trafficOut (percent),SKT0 Core C-State,SKT0 Core C-State,SKT0 Core C-State,SKT0 Package C-State,SKT0 Package C-State,SKT0 Package C-State,SKT1 Core C-State,SKT1 Core C-State,SKT1 Core C-State,SKT1 Package C-State,SKT1 Package C-State,SKT1 Package C-State,Proc Energy (Joules),Proc Energy (Joules),DRAM Energy (Joules),DRAM Energy (Joules),LLCRDMISSLAT (ns),LLCRDMISSLAT (ns),UncFREQ (Ghz),UncFREQ (Ghz),Core0 (Socket 0),Core0 (Socket 0),Core0 (Socket 0),Core0 (Socket 0),Core0 (Socket 0),Core0 (Socket 0),Core0 (Socket 0),Core0 (Socket 0),Core0 (Socket 0),Core0 (Socket 0),Core0 (Socket 0),Core0 (Socket 0),Core0 (Socket 0),Core0 (Socket 0),Core0 (Socket 0),Core0 (Socket 0),Core0 (Socket 0),Core0 (Socket 0),Core0 (Socket 0),Core0 (Socket 0),Core0 (Socket 0),Core0 (Socket 0),Core0 (Socket 0),Core0 (Socket 0),Core1 (Socket 0),Core1 (Socket 0),Core1 (Socket 0),Core1 (Socket 0),Core1 (Socket 0),Core1 (Socket 0),Core1 (Socket 0),Core1 (Socket 0),Core1 (Socket 0),Core1 (Socket 0),Core1 (Socket 0),Core1 (Socket 0),Core1 (Socket 0),Core1 (Socket 0),Core1 (Socket 0),Core1 (Socket 0),Core1 (Socket 0),Core1 (Socket 0),Core1 (Socket 0),Core1 (Socket 0),Core1 (Socket 0),Core1 (Socket 0),Core1 (Socket 0),Core1 (Socket 0),Core2 (Socket 0),Core2 (Socket 0),Core2 (Socket 0),Core2 (Socket 0),Core2 (Socket 0),Core2 (Socket 0),Core2 (Socket 0),Core2 (Socket 0),Core2 (Socket 0),Core2 (Socket 0),Core2 (Socket 0),Core2 (Socket 0),Core2 (Socket 0),Core2 (Socket 0),Core2 (Socket 0),Core2 (Socket 0),Core2 (Socket 0),Core2 (Socket 0),Core2 (Socket 0),Core2 (Socket 0),Core2 (Socket 0),Core2 (Socket 0),Core2 (Socket 0),Core2 (Socket 0),Core3 (Socket 0),Core3 (Socket 0),Core3 (Socket 0),Core3 (Socket 0),Core3 (Socket 0),Core3 (Socket 0),Core3 (Socket 0),Core3 (Socket 0),Core3 (Socket 0),Core3 (Socket 0),Core3 (Socket 0),Core3 (Socket 0),Core3 (Socket 0),Core3 (Socket 0),Core3 (Socket 0),Core3 (Socket 0),Core3 (Socket 0),Core3 (Socket 0),Core3 (Socket 0),Core3 (Socket 0),Core3 (Socket 0),Core3 (Socket 0),Core3 (Socket 0),Core3 (Socket 0),Core4 (Socket 0),Core4 (Socket 0),Core4 (Socket 0),Core4 (Socket 0),Core4 (Socket 0),Core4 (Socket 0),Core4 (Socket 0),Core4 (Socket 0),Core4 (Socket 0),Core4 (Socket 0),Core4 (Socket 0),Core4 (Socket 0),Core4 (Socket 0),Core4 (Socket 0),Core4 (Socket 0),Core4 (Socket 0),Core4 (Socket 0),Core4 (Socket 0),Core4 (Socket 0),Core4 (Socket 0),Core4 (Socket 0),Core4 (Socket 0),Core4 (Socket 0),Core4 (Socket 0),Core5 (Socket 0),Core5 (Socket 0),Core5 (Socket 0),Core5 (Socket 0),Core5 (Socket 0),Core5 (Socket 0),Core5 (Socket 0),Core5 (Socket 0),Core5 (Socket 0),Core5 (Socket 0),Core5 (Socket 0),Core5 (Socket 0),Core5 (Socket 0),Core5 (Socket 0),Core5 (Socket 0),Core5 (Socket 0),Core5 (Socket 0),Core5 (Socket 0),Core5 (Socket 0),Core5 (Socket 0),Core5 (Socket 0),Core5 (Socket 0),Core5 (Socket 0),Core5 (Socket 0),Core6 (Socket 0),Core6 (Socket 0),Core6 (Socket 0),Core6 (Socket 0),Core6 (Socket 0),Core6 (Socket 0),Core6 (Socket 0),Core6 (Socket 0),Core6 (Socket 0),Core6 (Socket 0),Core6 (Socket 0),Core6 (Socket 0),Core6 (Socket 0),Core6 (Socket 0),Core6 (Socket 0),Core6 (Socket 0),Core6 (Socket 0),Core6 (Socket 0),Core6 (Socket 0),Core6 (Socket 0),Core6 (Socket 0),Core6 (Socket 0),Core6 (Socket 0),Core6 (Socket 0),Core7 (Socket 0),Core7 (Socket 0),Core7 (Socket 0),Core7 (Socket 0),Core7 (Socket 0),Core7 (Socket 0),Core7 (Socket 0),Core7 (Socket 0),Core7 (Socket 0),Core7 (Socket 0),Core7 (Socket 0),Core7 (Socket 0),Core7 (Socket 0),Core7 (Socket 0),Core7 (Socket 0),Core7 (Socket 0),Core7 (Socket 0),Core7 (Socket 0),Core7 (Socket 0),Core7 (Socket 0),Core7 (Socket 0),Core7 (Socket 0),Core7 (Socket 0),Core7 (Socket 0),Core8 (Socket 1),Core8 (Socket 1),Core8 (Socket 1),Core8 (Socket 1),Core8 (Socket 1),Core8 (Socket 1),Core8 (Socket 1),Core8 (Socket 1),Core8 (Socket 1),Core8 (Socket 1),Core8 (Socket 1),Core8 (Socket 1),Core8 (Socket 1),Core8 (Socket 1),Core8 (Socket 1),Core8 (Socket 1),Core8 (Socket 1),Core8 (Socket 1),Core8 (Socket 1),Core8 (Socket 1),Core8 (Socket 1),Core8 (Socket 1),Core8 (Socket 1),Core8 (Socket 1),Core9 (Socket 1),Core9 (Socket 1),Core9 (Socket 1),Core9 (Socket 1),Core9 (Socket 1),Core9 (Socket 1),Core9 (Socket 1),Core9 (Socket 1),Core9 (Socket 1),Core9 (Socket 1),Core9 (Socket 1),Core9 (Socket 1),Core9 (Socket 1),Core9 (Socket 1),Core9 (Socket 1),Core9 (Socket 1),Core9 (Socket 1),Core9 (Socket 1),Core9 (Socket 1),Core9 (Socket 1),Core9 (Socket 1),Core9 (Socket 1),Core9 (Socket 1),Core9 (Socket 1),Core10 (Socket 1),Core10 (Socket 1),Core10 (Socket 1),Core10 (Socket 1),Core10 (Socket 1),Core10 (Socket 1),Core10 (Socket 1),Core10 (Socket 1),Core10 (Socket 1),Core10 (Socket 1),Core10 (Socket 1),Core10 (Socket 1),Core10 (Socket 1),Core10 (Socket 1),Core10 (Socket 1),Core10 (Socket 1),Core10 (Socket 1),Core10 (Socket 1),Core10 (Socket 1),Core10 (Socket 1),Core10 (Socket 1),Core10 (Socket 1),Core10 (Socket 1),Core10 (Socket 1),Core11 (Socket 1),Core11 (Socket 1),Core11 (Socket 1),Core11 (Socket 1),Core11 (Socket 1),Core11 (Socket 1),Core11 (Socket 1),Core11 (Socket 1),Core11 (Socket 1),Core11 (Socket 1),Core11 (Socket 1),Core11 (Socket 1),Core11 (Socket 1),Core11 (Socket 1),Core11 (Socket 1),Core11 (Socket 1),Core11 (Socket 1),Core11 (Socket 1),Core11 (Socket 1),Core11 (Socket 1),Core11 (Socket 1),Core11 (Socket 1),Core11 (Socket 1),Core11 (Socket 1),Core12 (Socket 1),Core12 (Socket 1),Core12 (Socket 1),Core12 (Socket 1),Core12 (Socket 1),Core12 (Socket 1),Core12 (Socket 1),Core12 (Socket 1),Core12 (Socket 1),Core12 (Socket 1),Core12 (Socket 1),Core12 (Socket 1),Core12 (Socket 1),Core12 (Socket 1),Core12 (Socket 1),Core12 (Socket 1),Core12 (Socket 1),Core12 (Socket 1),Core12 (Socket 1),Core12 (Socket 1),Core12 (Socket 1),Core12 (Socket 1),Core12 (Socket 1),Core12 (Socket 1),Core13 (Socket 1),Core13 (Socket 1),Core13 (Socket 1),Core13 (Socket 1),Core13 (Socket 1),Core13 (Socket 1),Core13 (Socket 1),Core13 (Socket 1),Core13 (Socket 1),Core13 (Socket 1),Core13 (Socket 1),Core13 (Socket 1),Core13 (Socket 1),Core13 (Socket 1),Core13 (Socket 1),Core13 (Socket 1),Core13 (Socket 1),Core13 (Socket 1),Core13 (Socket 1),Core13 (Socket 1),Core13 (Socket 1),Core13 (Socket 1),Core13 (Socket 1),Core13 (Socket 1),Core14 (Socket 1),Core14 (Socket 1),Core14 (Socket 1),Core14 (Socket 1),Core14 (Socket 1),Core14 (Socket 1),Core14 (Socket 1),Core14 (Socket 1),Core14 (Socket 1),Core14 (Socket 1),Core14 (Socket 1),Core14 (Socket 1),Core14 (Socket 1),Core14 (Socket 1),Core14 (Socket 1),Core14 (Socket 1),Core14 (Socket 1),Core14 (Socket 1),Core14 (Socket 1),Core14 (Socket 1),Core14 (Socket 1),Core14 (Socket 1),Core14 (Socket 1),Core14 (Socket 1),Core15 (Socket 1),Core15 (Socket 1),Core15 (Socket 1),Core15 (Socket 1),Core15 (Socket 1),Core15 (Socket 1),Core15 (Socket 1),Core15 (Socket 1),Core15 (Socket 1),Core15 (Socket 1),Core15 (Socket 1),Core15 (Socket 1),Core15 (Socket 1),Core15 (Socket 1),Core15 (Socket 1),Core15 (Socket 1),Core15 (Socket 1),Core15 (Socket 1),Core15 (Socket 1),Core15 (Socket 1),Core15 (Socket 1),Core15 (Socket 1),Core15 (Socket 1),Core15 (Socket 1),
Date,Time,EXEC,IPC,FREQ,AFREQ,L3MISS,L2MISS,L3HIT,L2HIT,L3MPI,L2MPI,READ,WRITE,LOCAL,PMM_RD,PMM_WR,INST,ACYC,TIME(ticks),PhysIPC,PhysIPC%,INSTnom,INSTnom%,TotalUPIin,UPItoMC,TotalUPIout,C0res%,C1res%,C6res%,C0res%,C2res%,C6res%,Proc Energy (Joules),DRAM Energy (Joules),LLCRDMISSLAT (ns),UncFREQ (Ghz),EXEC,IPC,FREQ,AFREQ,L3MISS,L2MISS,L3HIT,L2HIT,L3MPI,L2MPI,L3OCC,LMB,RMB,READ,WRITE,LOCAL,PMM_RD,PMM_WR,TEMP,INST,ACYC,TIME(ticks),PhysIPC,PhysIPC%,INSTnom,INSTnom%,EXEC,IPC,FREQ,AFREQ,L3MISS,L2MISS,L3HIT,L2HIT,L3MPI,L2MPI,L3OCC,LMB,RMB,READ,WRITE,LOCAL,PMM_RD,PMM_WR,TEMP,INST,ACYC,TIME(ticks),PhysIPC,PhysIPC%,INSTnom,INSTnom%,UPI0,UPI1,UPI0,UPI1,UPI0,UPI1,UPI0,UPI1,UPI0,UPI1,UPI0,UPI1,UPI0,UPI1,UPI0,UPI1,C0res%,C1res%,C6res%,C0res%,C2res%,C6res%,C0res%,C1res%,C6res%,C0res%,C2res%,C6res%,SKT0,SKT1,SKT0,SKT1,SKT0,SKT1,SKT0,SKT1,EXEC,IPC,FREQ,AFREQ,L3MISS,L2MISS,L3HIT,L2HIT,L3MPI,L2MPI,L3OCC,LMB,RMB,C0res%,C1res%,C6res%,TEMP,INST,ACYC,TIME(ticks),PhysIPC,PhysIPC%,INSTnom,INSTnom%,EXEC,IPC,FREQ,AFREQ,L3MISS,L2MISS,L3HIT,L2HIT,L3MPI,L2MPI,L3OCC,LMB,RMB,C0res%,C1res%,C6res%,TEMP,INST,ACYC,TIME(ticks),PhysIPC,PhysIPC%,INSTnom,INSTnom%,EXEC,IPC,FREQ,AFREQ,L3MISS,L2MISS,L3HIT,L2HIT,L3MPI,L2MPI,L3OCC,LMB,RMB,C0res%,C1res%,C6res%,TEMP,INST,ACYC,TIME(ticks),PhysIPC,PhysIPC%,INSTnom,INSTnom%,EXEC,IPC,FREQ,AFREQ,L3MISS,L2MISS,L3HIT,L2HIT,L3MPI,L2MPI,L3OCC,LMB,RMB,C0res%,C1res%,C6res%,TEMP,INST,ACYC,TIME(ticks),PhysIPC,PhysIPC%,INSTnom,INSTnom%,EXEC,IPC,FREQ,AFREQ,L3MISS,L2MISS,L3HIT,L2HIT,L3MPI,L2MPI,L3OCC,LMB,RMB,C0res%,C1res%,C6res%,TEMP,INST,ACYC,TIME(ticks),PhysIPC,PhysIPC%,INSTnom,INSTnom%,EXEC,IPC,FREQ,AFREQ,L3MISS,L2MISS,L3HIT,L2HIT,L3MPI,L2MPI,L3OCC,LMB,RMB,C0res%,C1res%,C6res%,TEMP,INST,ACYC,TIME(ticks),PhysIPC,PhysIPC%,INSTnom,INSTnom%,EXEC,IPC,FREQ,AFREQ,L3MISS,L2MISS,L3HIT,L2HIT,L3MPI,L2MPI,L3OCC,LMB,RMB,C0res%,C1res%,C6res%,TEMP,INST,ACYC,TIME(ticks),PhysIPC,PhysIPC%,INSTnom,INSTnom%,EXEC,IPC,FREQ,AFREQ,L3MISS,L2MISS,L3HIT,L2HIT,L3MPI,L2MPI,L3OCC,LMB,RMB,C0res%,C1res%,C6res%,TEMP,INST,ACYC,TIME(ticks),PhysIPC,PhysIPC%,INSTnom,INSTnom%,EXEC,IPC,FREQ,AFREQ,L3MISS,L2MISS,L3HIT,L2HIT,L3MPI,L2MPI,L3OCC,LMB,RMB,C0res%,C1res%,C6res%,TEMP,INST,ACYC,TIME(ticks),PhysIPC,PhysIPC%,INSTnom,INSTnom%,EXEC,IPC,FREQ,AFREQ,L3MISS,L2MISS,L3HIT,L2HIT,L3MPI,L2MPI,L3OCC,LMB,RMB,C0res%,C1res%,C6res%,TEMP,INST,ACYC,TIME(ticks),PhysIPC,PhysIPC%,INSTnom,INSTnom%,EXEC,IPC,FREQ,AFREQ,L3MISS,L2MISS,L3HIT,L2HIT,L3MPI,L2MPI,L3OCC,LMB,RMB,C0res%,C1res%,C6res%,TEMP,INST,ACYC,TIME(ticks),PhysIPC,PhysIPC%,INSTnom,INSTnom%,EXEC,IPC,FREQ,AFREQ,L3MISS,L2MISS,L3HIT,L2HIT,L3MPI,L2MPI,L3OCC,LMB,RMB,C0res%,C1res%,C6res%,TEMP,INST,ACYC,TIME(ticks),PhysIPC,PhysIPC%,INSTnom,INSTnom%,EXEC,IPC,FREQ,AFREQ,L3MISS,L2MISS,L3HIT,L2HIT,L3MPI,L2MPI,L3OCC,LMB,RMB,C0res%,C1res%,C6res%,TEMP,INST,ACYC,TIME(ticks),PhysIPC,PhysIPC%,INSTnom,INSTnom%,EXEC,IPC,FREQ,AFREQ,L3MISS,L2MISS,L3HIT,L2HIT,L3MPI,L2MPI,L3OCC,LMB,RMB,C0res%,C1res%,C6res%,TEMP,INST,ACYC,TIME(ticks),PhysIPC,PhysIPC%,INSTnom,INSTnom%,EXEC,IPC,FREQ,AFREQ,L3MISS,L2MISS,L3HIT,L2HIT,L3MPI,L2MPI,L3OCC,LMB,RMB,C0res%,C1res%,C6res%,TEMP,INST,ACYC,TIME(ticks),PhysIPC,PhysIPC%,INSTnom,INSTnom%,EXEC,IPC,FREQ,AFREQ,L3MISS,L2MISS,L3HIT,L2HIT,L3MPI,L2MPI,L3OCC,LMB,RMB,C0res%,C1res%,C6res%,TEMP,INST,ACYC,TIME(ticks),PhysIPC,PhysIPC%,INSTnom,INSTnom%,
2024-03-19,11:04:02.823,0.07,1.08,0.06,1.00,0.06,0.16,0.29,0.80,0.0003,0.0006,0.04,0.05,-2147483648,0.00,0.00,250.10,232.07,228.64,1.08,26.94,0.07,1.70,60.88,0.73,139.84,6.33,93.67,0.00,100.00,0.00,0.00,0.00,0.00,-nan,0.22,0.06,1.08,0.06,1.00,0.03,0.07,0.24,0.77,0.0003,0.0006,     0,0,0,0.02,0.03,-2147483648,0.00,0.00,N/A,117.56,108.50,228.64,1.08,27.09,0.06,1.61,0.07,1.07,0.07,1.00,0.03,0.09,0.33,0.83,0.0003,0.0006,     0,0,0,0.01,0.02,-2147483648,0.00,0.00,N/A,132.54,123.57,228.64,1.07,26.82,0.07,1.79,11.28,10.46,  4%,  3%,19.65,19.48,  7%,  7%,37.92,39.00, 13%, 13%,31.74,31.18, 11%, 11%,5.96,94.04,0.00,100.00,0.00,0.00,6.69,93.31,0.00,100.00,0.00,0.00,0.00,0.00,0.00 ,0.00 ,-nan ,-nan ,0.22,0.22,0.02,0.27,0.06,1.00,0.00,0.01,0.51,0.81,0.0014,0.0033,     0,0,0,5.70,94.30,0.00,N/A,3.54,13.04,228.64,0.27,6.78,0.02,0.39,0.01,1.33,0.01,1.00,0.00,0.00,0.56,0.91,0.0003,0.0011,     0,0,0,0.82,99.18,0.00,N/A,2.47,1.87,228.64,1.33,33.17,0.01,0.27,0.12,1.20,0.10,1.00,0.01,0.01,0.09,0.68,0.0002,0.0005,     0,0,0,9.85,90.15,0.00,N/A,27.54,22.96,228.64,1.20,29.98,0.12,2.95,0.11,1.18,0.09,1.00,0.01,0.01,0.07,0.72,0.0002,0.0006,     0,0,0,9.29,90.71,0.00,N/A,24.61,20.88,228.64,1.18,29.47,0.11,2.74,0.02,1.46,0.02,1.00,0.00,0.00,0.33,0.88,0.0005,0.0008,     0,0,0,1.69,98.31,0.00,N/A,5.22,3.58,228.64,1.46,36.41,0.02,0.62,0.12,1.18,0.10,1.00,0.01,0.01,0.08,0.71,0.0002,0.0005,     0,0,0,9.84,90.16,0.00,N/A,26.96,22.93,228.64,1.18,29.40,0.12,2.89,0.12,1.18,0.10,1.00,0.01,0.01,0.08,0.77,0.0002,0.0005,     0,0,0,9.83,90.17,0.00,N/A,27.07,22.92,228.64,1.18,29.52,0.12,2.90,0.00,0.47,0.00,1.00,0.00,0.00,0.46,0.59,0.0024,0.0062,     0,0,0,0.14,99.86,0.00,N/A,0.15,0.32,228.64,0.47,11.85,0.00,0.02,0.01,0.23,0.06,1.00,0.00,0.01,0.61,0.77,0.0014,0.0040,     0,0,0,6.26,93.74,0.00,N/A,3.35,14.30,228.64,0.23,5.86,0.01,0.37,0.12,1.19,0.10,1.00,0.01,0.01,0.07,0.68,0.0002,0.0005,     0,0,0,9.85,90.15,0.00,N/A,27.33,22.96,228.64,1.19,29.77,0.12,2.93,0.12,1.19,0.10,1.00,0.01,0.01,0.05,0.68,0.0002,0.0005,     0,0,0,9.84,90.16,0.00,N/A,27.38,22.93,228.64,1.19,29.86,0.12,2.94,0.12,1.17,0.10,1.00,0.01,0.01,0.06,0.68,0.0002,0.0005,     0,0,0,9.84,90.16,0.00,N/A,26.83,22.93,228.64,1.17,29.25,0.12,2.88,0.01,1.13,0.01,1.00,0.00,0.00,0.59,0.81,0.0003,0.0011,     0,0,0,0.95,99.05,0.00,N/A,2.46,2.18,228.64,1.13,28.21,0.01,0.27,0.12,1.18,0.10,1.00,0.01,0.01,0.08,0.80,0.0002,0.0005,     0,0,0,9.85,90.15,0.00,N/A,27.10,22.95,228.64,1.18,29.52,0.12,2.91,0.02,0.87,0.02,1.00,0.00,0.01,0.68,0.81,0.0004,0.0016,     0,0,0,2.00,98.00,0.00,N/A,3.99,4.58,228.64,0.87,21.74,0.02,0.44,0.06,1.31,0.05,1.00,0.00,0.01,0.54,0.96,0.0002,0.0006,     0,0,0,4.70,95.30,0.00,N/A,14.10,10.74,228.64,1.31,32.82,0.06,1.54,
2024-03-19,11:04:02.923,0.06,1.06,0.06,1.00,0.05,0.13,0.20,0.77,0.0003,0.0006,0.02,0.03,-2147483648,0.00,0.00,212.04,200.85,209.90,1.06,26.39,0.06,1.57,34.87,0.66,90.08,5.96,94.04,0.00,100.00,0.00,0.00,0.00,0.00,-nan,0.22,0.06,1.05,0.06,1.00,0.03,0.07,0.18,0.78,0.0002,0.0006,     0,0,0,0.01,0.01,-2147483648,0.00,0.00,N/A,107.04,102.21,209.90,1.05,26.18,0.06,1.59,0.06,1.06,0.06,1.00,0.03,0.06,0.22,0.75,0.0003,0.0006,     0,0,0,0.01,0.01,-2147483648,0.00,0.00,N/A,105.00,98.64,209.90,1.06,26.61,0.06,1.56,7.63,7.02,  2%,  2%,10.22,10.01,  4%,  3%,18.20,18.74,  7%,  7%,26.53,26.61, 10%, 10%,6.06,93.94,0.00,100.00,0.00,0.00,5.87,94.13,0.00,100.00,0.00,0.00,0.00,0.00,0.00 ,0.00 ,-nan ,-nan ,0.22,0.22,0.01,0.25,0.06,1.00,0.00,0.01,0.42,0.86,0.0013,0.0027,     0,0,0,5.56,94.44,0.00,N/A,2.91,11.67,209.90,0.25,6.24,0.01,0.35,0.00,0.66,0.01,1.00,0.00,0.00,0.41,0.86,0.0006,0.0021,     0,0,0,0.75,99.25,0.00,N/A,1.03,1.57,209.90,0.66,16.44,0.00,0.12,0.12,1.20,0.10,1.00,0.01,0.01,0.08,0.67,0.0002,0.0005,     0,0,0,9.92,90.08,0.00,N/A,24.97,20.83,209.90,1.20,29.97,0.12,2.97,0.12,1.18,0.10,1.00,0.01,0.01,0.06,0.72,0.0002,0.0005,     0,0,0,10.48,89.52,0.00,N/A,26.98,22.88,209.90,1.18,29.48,0.12,3.09,0.09,1.19,0.08,1.00,0.00,0.01,0.10,0.71,0.0002,0.0005,     0,0,0,7.90,92.10,0.00,N/A,20.91,17.63,209.90,1.19,29.65,0.09,2.34,0.02,0.96,0.02,1.00,0.00,0.00,0.19,0.89,0.0003,0.0008,     0,0,0,2.15,97.85,0.00,N/A,4.08,4.24,209.90,0.96,24.06,0.02,0.52,0.12,1.18,0.10,1.00,0.00,0.01,0.07,0.77,0.0002,0.0005,     0,0,0,9.92,90.08,0.00,N/A,24.51,20.84,209.90,1.18,29.40,0.12,2.92,0.01,0.64,0.01,1.00,0.00,0.00,0.49,0.80,0.0004,0.0024,     0,0,0,1.22,98.78,0.00,N/A,1.65,2.56,209.90,0.64,16.12,0.01,0.20,0.01,0.21,0.06,1.00,0.00,0.01,0.52,0.82,0.0016,0.0035,     0,0,0,5.55,94.45,0.00,N/A,2.49,11.65,209.90,0.21,5.33,0.01,0.30,0.12,1.19,0.10,1.00,0.01,0.01,0.07,0.68,0.0002,0.0005,     0,0,0,9.91,90.09,0.00,N/A,24.78,20.82,209.90,1.19,29.76,0.12,2.95,0.12,1.19,0.10,1.00,0.01,0.01,0.05,0.68,0.0002,0.0005,     0,0,0,9.92,90.08,0.00,N/A,24.84,20.83,209.90,1.19,29.80,0.12,2.96,0.12,1.17,0.10,1.00,0.01,0.01,0.05,0.69,0.0002,0.0005,     0,0,0,9.92,90.08,0.00,N/A,24.33,20.84,209.90,1.17,29.19,0.12,2.90,0.00,0.53,0.00,1.00,0.00,0.00,0.69,0.68,0.0008,0.0037,     0,0,0,0.24,99.76,0.00,N/A,0.27,0.51,209.90,0.53,13.36,0.00,0.03,0.12,1.18,0.10,1.00,0.00,0.01,0.08,0.80,0.0002,0.0005,     0,0,0,9.91,90.09,0.00,N/A,24.52,20.82,209.90,1.18,29.45,0.12,2.92,0.01,1.25,0.01,1.00,0.00,0.00,0.54,0.80,0.0003,0.0008,     0,0,0,0.70,99.30,0.00,N/A,1.83,1.46,209.90,1.25,31.25,0.01,0.22,0.01,1.14,0.01,1.00,0.00,0.00,0.55,0.90,0.0004,0.0010,     0,0,0,0.81,99.19,0.00,N/A,1.95,1.71,209.90,1.14,28.59,0.01,0.23,
2024-03-19,11:04:03.023,0.06,1.07,0.06,1.00,0.05,0.12,0.21,0.75,0.0002,0.0006,0.02,0.03,-2147483648,0.00,0.00,207.39,194.18,211.78,1.07,26.70,0.06,1.55,41.84,0.81,105.91,5.81,94.19,0.00,100.00,0.00,0.00,0.00,0.00,-nan,0.22,0.06,1.07,0.06,1.00,0.02,0.06,0.14,0.75,0.0002,0.0005,     0,0,0,0.01,0.02,-2147483648,0.00,0.00,N/A,102.34,95.42,211.78,1.07,26.81,0.06,1.52,0.06,1.06,0.06,1.00,0.03,0.07,0.27,0.74,0.0002,0.0006,     0,0,0,0.01,0.01,-2147483648,0.00,0.00,N/A,105.04,98.76,211.78,1.06,26.59,0.06,1.58,10.78,9.90,  4%,  3%,10.71,10.46,  4%,  4%,26.01,26.73, 10%, 10%,26.51,26.65, 10%, 10%,5.67,94.33,0.00,100.00,0.00,0.00,5.95,94.05,0.00,100.00,0.00,0.00,0.00,0.00,0.00 ,0.00 ,-nan ,-nan ,0.22,0.23,0.01,0.22,0.05,1.00,0.00,0.01,0.27,0.88,0.0016,0.0025,     0,0,0,5.11,94.89,0.00,N/A,2.43,10.83,211.78,0.22,5.60,0.01,0.29,0.02,1.19,0.02,1.00,0.00,0.00,0.26,0.71,0.0002,0.0005,     0,0,0,1.98,98.02,0.00,N/A,5.25,4.43,211.78,1.19,29.65,0.02,0.59,0.12,1.20,0.10,1.00,0.01,0.01,0.07,0.67,0.0002,0.0005,     0,0,0,9.93,90.07,0.00,N/A,25.11,20.84,211.78,1.20,30.12,0.12,2.99,0.12,1.21,0.10,1.00,0.00,0.01,0.05,0.72,0.0002,0.0005,     0,0,0,9.92,90.08,0.00,N/A,25.12,20.84,211.78,1.21,30.14,0.12,2.99,0.02,1.15,0.02,1.00,0.00,0.00,0.18,0.71,0.0002,0.0006,     0,0,0,2.15,97.85,0.00,N/A,4.86,4.24,211.78,1.15,28.65,0.02,0.62,0.00,1.15,0.00,1.00,0.00,0.00,0.69,0.81,0.0002,0.0009,     0,0,0,0.13,99.87,0.00,N/A,0.32,0.28,211.78,1.15,28.83,0.00,0.04,0.12,1.18,0.10,1.00,0.00,0.01,0.07,0.77,0.0002,0.0005,     0,0,0,9.92,90.08,0.00,N/A,24.62,20.83,211.78,1.18,29.54,0.12,2.93,0.07,1.11,0.06,1.00,0.00,0.01,0.16,0.70,0.0002,0.0006,     0,0,0,6.24,93.76,0.00,N/A,14.63,13.13,211.78,1.11,27.85,0.07,1.74,0.02,0.29,0.06,1.00,0.00,0.01,0.51,0.83,0.0011,0.0025,     0,0,0,5.78,94.22,0.00,N/A,3.51,12.25,211.78,0.29,7.17,0.02,0.41,0.13,1.19,0.11,1.00,0.01,0.01,0.05,0.68,0.0002,0.0005,     0,0,0,10.55,89.45,0.00,N/A,24.88,20.83,211.78,1.19,29.86,0.13,3.15,0.12,1.19,0.10,1.00,0.01,0.01,0.05,0.68,0.0002,0.0005,     0,0,0,9.92,90.08,0.00,N/A,24.84,20.84,211.78,1.19,29.80,0.12,2.96,0.12,1.17,0.11,1.00,0.01,0.01,0.06,0.68,0.0002,0.0005,     0,0,0,10.56,89.44,0.00,N/A,24.40,20.84,211.78,1.17,29.27,0.12,3.09,0.00,0.54,0.00,1.00,0.00,0.00,0.65,0.72,0.0014,0.0058,     0,0,0,0.12,99.88,0.00,N/A,0.13,0.25,211.78,0.54,13.41,0.00,0.02,0.11,1.17,0.09,1.00,0.00,0.01,0.07,0.80,0.0002,0.0005,     0,0,0,9.50,90.50,0.00,N/A,21.95,18.75,211.78,1.17,29.27,0.11,2.78,0.01,1.00,0.01,1.00,0.00,0.00,0.76,0.72,0.0003,0.0014,     0,0,0,1.40,98.60,0.00,N/A,3.14,3.13,211.78,1.00,25.12,0.01,0.35,0.01,1.17,0.01,1.00,0.00,0.00,0.69,0.78,0.0003,0.0012,     0,0,0,0.89,99.11,0.00,N/A,2.19,1.87,211.78,1.17,29.23,0.01,0.26,
2024-03-19,11:04:03.123,0.06,1.06,0.06,1.00,0.05,0.12,0.18,0.75,0.0002,0.0006,0.02,0.03,-2147483648,0.00,0.00,203.87,192.37,208.09,1.06,26.49,0.06,1.51,41.94,0.82,105.38,5.70,94.30,0.00,100.00,0.00,0.00,0.00,0.00,-nan,0.22,0.06,1.06,0.06,1.00,0.02,0.06,0.15,0.76,0.0002,0.0006,     0,0,0,0.01,0.01,-2147483648,0.00,0.00,N/A,102.30,96.09,208.09,1.06,26.62,0.06,1.53,0.06,1.05,0.06,1.00,0.03,0.06,0.21,0.74,0.0002,0.0006,     0,0,0,0.01,0.01,-2147483648,0.00,0.00,N/A,101.57,96.28,208.09,1.05,26.37,0.06,1.49,10.92,10.09,  4%,  3%,10.58,10.35,  4%,  4%,26.02,26.89, 10%, 10%,26.17,26.29, 10%, 10%,5.73,94.27,0.00,100.00,0.00,0.00,5.66,94.34,0.00,100.00,0.00,0.00,0.00,0.00,0.00 ,0.00 ,-nan ,-nan ,0.22,0.22,0.01,0.22,0.05,1.00,0.00,0.01,0.29,0.87,0.0016,0.0025,     0,0,0,5.29,94.71,0.00,N/A,2.44,11.00,208.09,0.22,5.54,0.01,0.29,0.11,1.15,0.10,1.00,0.01,0.01,0.09,0.71,0.0002,0.0005,     0,0,0,9.92,90.08,0.00,N/A,23.94,20.84,208.09,1.15,28.73,0.11,2.85,0.10,1.20,0.08,1.00,0.00,0.01,0.09,0.67,0.0002,0.0005,     0,0,0,8.49,91.51,0.00,N/A,19.98,16.70,208.09,1.20,29.92,0.10,2.54,0.12,1.18,0.10,1.00,0.01,0.01,0.05,0.72,0.0002,0.0005,     0,0,0,9.93,90.07,0.00,N/A,24.59,20.85,208.09,1.18,29.50,0.12,2.93,0.03,1.25,0.02,1.00,0.00,0.00,0.25,0.70,0.0002,0.0005,     0,0,0,2.28,97.72,0.00,N/A,6.35,5.08,208.09,1.25,31.26,0.03,0.71,0.00,1.06,0.00,1.00,0.00,0.00,0.57,0.83,0.0003,0.0011,     0,0,0,0.17,99.83,0.00,N/A,0.37,0.35,208.09,1.06,26.55,0.00,0.04,0.12,1.16,0.10,1.00,0.00,0.01,0.08,0.77,0.0002,0.0005,     0,0,0,9.93,90.07,0.00,N/A,24.26,20.85,208.09,1.16,29.09,0.12,2.89,0.00,0.84,0.00,1.00,0.00,0.00,0.81,0.76,0.0004,0.0030,     0,0,0,0.21,99.79,0.00,N/A,0.36,0.43,208.09,0.84,20.89,0.00,0.04,0.01,0.22,0.06,1.00,0.00,0.01,0.52,0.83,0.0014,0.0033,     0,0,0,5.54,94.46,0.00,N/A,2.58,11.54,208.09,0.22,5.58,0.01,0.31,0.01,1.17,0.01,1.00,0.00,0.00,0.12,0.69,0.0002,0.0005,     0,0,0,1.05,98.95,0.00,N/A,2.58,2.20,208.09,1.17,29.25,0.01,0.31,0.12,1.19,0.10,1.00,0.01,0.01,0.06,0.68,0.0002,0.0005,     0,0,0,9.92,90.08,0.00,N/A,24.81,20.84,208.09,1.19,29.76,0.12,2.95,0.11,1.16,0.09,1.00,0.01,0.01,0.05,0.68,0.0002,0.0005,     0,0,0,9.36,90.64,0.00,N/A,24.17,20.84,208.09,1.16,29.00,0.11,2.71,0.00,0.46,0.00,1.00,0.00,0.00,0.59,0.68,0.0020,0.0062,     0,0,0,0.15,99.85,0.00,N/A,0.14,0.31,208.09,0.46,11.49,0.00,0.02,0.10,1.19,0.08,1.00,0.00,0.01,0.06,0.68,0.0002,0.0005,     0,0,0,8.44,91.56,0.00,N/A,22.40,18.79,208.09,1.19,29.80,0.10,2.52,0.12,1.17,0.10,1.00,0.00,0.01,0.09,0.79,0.0002,0.0005,     0,0,0,9.93,90.07,0.00,N/A,24.31,20.85,208.09,1.17,29.16,0.12,2.89,0.00,0.64,0.00,1.00,0.00,0.00,0.82,0.80,0.0004,0.0025,     0,0,0,0.44,99.56,0.00,N/A,0.59,0.93,208.09,0.64,15.88,0.00,0.07,
2024-03-19,11:04:03.227,0.06,1.07,0.06,1.00,0.05,0.12,0.20,0.75,0.0002,0.0006,0.03,0.04,-2147483648,0.00,0.00,206.89,193.64,211.74,1.07,26.71,0.06,1.53,42.34,0.63,106.17,5.73,94.27,0.00,100.00,0.00,0.00,0.00,0.00,-nan,0.22,0.06,1.07,0.06,1.00,0.02,0.06,0.17,0.77,0.0002,0.0006,     0,0,0,0.02,0.02,-2147483648,0.00,0.00,N/A,101.98,95.24,211.74,1.07,26.77,0.06,1.52,0.06,1.07,0.06,1.00,0.03,0.06,0.22,0.74,0.0002,0.0006,     0,0,0,0.01,0.01,-2147483648,0.00,0.00,N/A,104.91,98.39,211.74,1.07,26.66,0.06,1.54,11.10,10.25,  4%,  3%,10.62,10.37,  4%,  4%,26.48,27.35, 10%, 10%,26.07,26.26, 10%, 10%,5.69,94.31,0.00,100.00,0.00,0.00,5.78,94.22,0.00,100.00,0.00,0.00,0.00,0.00,0.00 ,0.00 ,-nan ,-nan ,0.22,0.22,0.01,0.22,0.05,1.00,0.00,0.01,0.31,0.87,0.0016,0.0026,     0,0,0,5.22,94.78,0.00,N/A,2.44,11.05,211.74,0.22,5.52,0.01,0.29,0.11,1.16,0.09,1.00,0.00,0.01,0.06,0.71,0.0002,0.0005,     0,0,0,9.40,90.60,0.00,N/A,21.72,18.75,211.74,1.16,28.96,0.11,2.72,0.01,1.45,0.01,1.00,0.00,0.00,0.68,0.92,0.0001,0.0003,     0,0,0,0.70,99.30,0.00,N/A,2.16,1.49,211.74,1.45,36.37,0.01,0.26,0.12,1.18,0.10,1.00,0.01,0.01,0.05,0.72,0.0002,0.0005,     0,0,0,9.93,90.07,0.00,N/A,24.69,20.84,211.74,1.18,29.62,0.12,2.94,0.12,1.20,0.10,1.00,0.01,0.01,0.10,0.67,0.0002,0.0005,     0,0,0,9.92,90.08,0.00,N/A,24.96,20.83,211.74,1.20,29.95,0.12,2.97,0.00,0.49,0.00,1.00,0.00,0.00,0.74,0.77,0.0008,0.0040,     0,0,0,0.10,99.90,0.00,N/A,0.10,0.20,211.74,0.49,12.18,0.00,0.01,0.12,1.17,0.10,1.00,0.00,0.01,0.06,0.77,0.0002,0.0005,     0,0,0,9.93,90.07,0.00,N/A,24.43,20.85,211.74,1.17,29.30,0.12,2.91,0.01,1.20,0.01,1.00,0.00,0.00,0.81,0.87,0.0002,0.0012,     0,0,0,0.58,99.42,0.00,N/A,1.47,1.23,211.74,1.20,29.97,0.01,0.17,0.01,0.20,0.05,1.00,0.00,0.01,0.53,0.83,0.0015,0.0035,     0,0,0,5.34,94.66,0.00,N/A,2.31,11.31,211.74,0.20,5.09,0.01,0.27,0.01,1.17,0.01,1.00,0.00,0.00,0.14,0.81,0.0002,0.0005,     0,0,0,0.95,99.05,0.00,N/A,2.57,2.19,211.74,1.17,29.30,0.01,0.28,0.12,1.19,0.10,1.00,0.01,0.01,0.05,0.68,0.0002,0.0005,     0,0,0,9.92,90.08,0.00,N/A,24.80,20.84,211.74,1.19,29.75,0.12,2.95,0.12,1.17,0.10,1.00,0.01,0.01,0.06,0.69,0.0002,0.0005,     0,0,0,9.93,90.07,0.00,N/A,24.34,20.84,211.74,1.17,29.19,0.12,2.90,0.01,1.26,0.01,1.00,0.00,0.00,0.87,0.71,0.0001,0.0010,     0,0,0,0.54,99.46,0.00,N/A,1.45,1.15,211.74,1.26,31.46,0.01,0.17,0.12,1.19,0.10,1.00,0.01,0.01,0.07,0.68,0.0002,0.0005,     0,0,0,10.49,89.51,0.00,N/A,27.15,22.91,211.74,1.19,29.63,0.12,3.11,0.11,1.18,0.09,1.00,0.00,0.01,0.07,0.79,0.0002,0.0005,     0,0,0,9.46,90.54,0.00,N/A,22.09,18.76,211.74,1.18,29.43,0.11,2.78,0.00,0.56,0.00,1.00,0.00,0.00,0.72,0.68,0.0012,0.0054,     0,0,0,0.18,99.82,0.00,N/A,0.21,0.39,211.74,0.56,13.88,0.00,0.03,
2024-03-19,11:04:03.323,0.06,1.07,0.06,1.00,0.05,0.12,0.18,0.75,0.0002,0.0006,0.03,0.03,-2147483648,0.00,0.00,202.88,190.25,208.24,1.07,26.66,0.06,1.52,33.05,0.56,78.12,5.69,94.31,0.00,100.00,0.00,0.00,0.00,0.00,-nan,0.23,0.06,1.08,0.06,1.00,0.03,0.06,0.15,0.76,0.0002,0.0006,     0,0,0,0.01,0.01,-2147483648,0.00,0.00,N/A,106.27,98.71,208.24,1.08,26.91,0.06,1.58,0.06,1.06,0.06,1.00,0.02,0.06,0.20,0.74,0.0003,0.0006,     0,0,0,0.01,0.02,-2147483648,0.00,0.00,N/A,96.61,91.55,208.24,1.06,26.38,0.06,1.46,10.31,9.47,  4%,  3%,6.71,6.56,  2%,  2%,22.01,22.72,  8%,  8%,16.64,16.75,  6%,  6%,5.85,94.15,0.00,100.00,0.00,0.00,5.53,94.47,0.00,100.00,0.00,0.00,0.00,0.00,0.00 ,0.00 ,-nan ,-nan ,0.22,0.23,0.01,0.22,0.05,1.00,0.00,0.01,0.31,0.87,0.0016,0.0026,     0,0,0,5.22,94.78,0.00,N/A,2.42,10.87,208.24,0.22,5.57,0.01,0.29,0.11,1.17,0.10,1.00,0.01,0.01,0.06,0.71,0.0002,0.0005,     0,0,0,9.51,90.49,0.00,N/A,24.50,20.96,208.24,1.17,29.22,0.11,2.78,0.11,1.20,0.09,1.00,0.00,0.01,0.10,0.66,0.0002,0.0005,     0,0,0,9.36,90.64,0.00,N/A,25.00,20.84,208.24,1.20,30.00,0.11,2.81,0.12,1.19,0.10,1.00,0.01,0.01,0.05,0.72,0.0002,0.0005,     0,0,0,9.93,90.07,0.00,N/A,24.75,20.85,208.24,1.19,29.67,0.12,2.95,0.00,0.86,0.00,1.00,0.00,0.00,0.65,0.82,0.0005,0.0021,     0,0,0,0.21,99.79,0.00,N/A,0.36,0.41,208.24,0.86,21.48,0.00,0.05,0.01,1.14,0.01,1.00,0.00,0.00,0.12,0.72,0.0002,0.0006,     0,0,0,1.04,98.96,0.00,N/A,2.49,2.18,208.24,1.14,28.60,0.01,0.30,0.12,1.18,0.10,1.00,0.00,0.01,0.06,0.77,0.0002,0.0005,     0,0,0,9.93,90.07,0.00,N/A,24.53,20.85,208.24,1.18,29.42,0.12,2.92,0.01,1.27,0.01,1.00,0.00,0.00,0.72,0.90,0.0002,0.0009,     0,0,0,0.83,99.17,0.00,N/A,2.21,1.74,208.24,1.27,31.66,0.01,0.26,0.01,0.21,0.05,1.00,0.00,0.01,0.47,0.84,0.0016,0.0033,     0,0,0,5.36,94.64,0.00,N/A,2.32,11.18,208.24,0.21,5.19,0.01,0.28,0.10,1.18,0.08,1.00,0.00,0.01,0.06,0.79,0.0002,0.0005,     0,0,0,8.28,91.72,0.00,N/A,19.76,16.70,208.24,1.18,29.57,0.10,2.45,0.12,1.19,0.10,1.00,0.01,0.01,0.05,0.68,0.0002,0.0005,     0,0,0,9.92,90.08,0.00,N/A,24.74,20.84,208.24,1.19,29.67,0.12,2.94,0.12,1.17,0.10,1.00,0.01,0.01,0.06,0.69,0.0002,0.0005,     0,0,0,9.93,90.07,0.00,N/A,24.29,20.84,208.24,1.17,29.13,0.12,2.89,0.01,1.10,0.01,1.00,0.00,0.00,0.38,0.77,0.0002,0.0008,     0,0,0,1.16,98.84,0.00,N/A,2.64,2.41,208.24,1.10,27.40,0.01,0.32,0.11,1.20,0.09,1.00,0.00,0.01,0.06,0.69,0.0002,0.0005,     0,0,0,9.31,90.69,0.00,N/A,22.44,18.77,208.24,1.20,29.89,0.11,2.78,0.00,0.48,0.00,1.00,0.00,0.00,0.59,0.71,0.0018,0.0057,     0,0,0,0.16,99.84,0.00,N/A,0.16,0.34,208.24,0.48,12.07,0.00,0.02,0.00,0.57,0.00,1.00,0.00,0.00,0.72,0.64,0.0015,0.0063,     0,0,0,0.23,99.77,0.00,N/A,0.27,0.47,208.24,0.57,14.20,0.00,0.03,
2024-03-19,11:04:03.420,0.06,1.06,0.06,1.00,0.05,0.12,0.21,0.75,0.0002,0.0006,0.02,0.03,-2147483648,0.00,0.00,202.21,190.34,209.95,1.06,26.56,0.06,1.53,36.30,0.72,94.35,5.75,94.25,0.00,100.00,0.00,0.00,0.00,0.00,-nan,0.24,0.06,1.07,0.06,1.00,0.02,0.06,0.18,0.76,0.0002,0.0006,     0,0,0,0.01,0.01,-2147483648,0.00,0.00,N/A,100.55,94.31,209.95,1.07,26.65,0.06,1.53,0.06,1.06,0.06,1.00,0.03,0.06,0.24,0.74,0.0003,0.0006,     0,0,0,0.01,0.01,-2147483648,0.00,0.00,N/A,101.66,96.03,209.95,1.06,26.47,0.06,1.53,8.00,7.36,  3%,  2%,10.58,10.36,  4%,  4%,20.40,21.07,  8%,  8%,26.34,26.55, 10%, 10%,5.72,94.28,0.00,100.00,0.00,0.00,5.79,94.21,0.00,100.00,0.00,0.00,0.00,0.00,0.00 ,0.00 ,-nan ,-nan ,0.24,0.24,0.01,0.22,0.05,1.00,0.00,0.01,0.35,0.86,0.0016,0.0028,     0,0,0,5.34,94.66,0.00,N/A,2.51,11.22,209.95,0.22,5.59,0.01,0.30,0.05,1.18,0.05,1.00,0.00,0.01,0.14,0.78,0.0002,0.0005,     0,0,0,4.61,95.39,0.00,N/A,10.69,9.06,209.95,1.18,29.51,0.05,1.36,0.03,1.16,0.02,1.00,0.00,0.00,0.16,0.68,0.0002,0.0005,     0,0,0,2.18,97.82,0.00,N/A,4.98,4.28,209.95,1.16,29.07,0.03,0.63,0.11,1.18,0.10,1.00,0.00,0.01,0.05,0.72,0.0002,0.0005,     0,0,0,9.50,90.50,0.00,N/A,22.20,18.76,209.95,1.18,29.59,0.11,2.81,0.02,1.42,0.01,1.00,0.00,0.00,0.70,0.88,0.0001,0.0005,     0,0,0,1.34,98.66,0.00,N/A,3.97,2.80,209.95,1.42,35.40,0.02,0.47,0.09,1.21,0.08,1.00,0.00,0.01,0.10,0.67,0.0002,0.0005,     0,0,0,7.77,92.23,0.00,N/A,20.35,16.87,209.95,1.21,30.17,0.09,2.34,0.12,1.17,0.10,1.00,0.00,0.01,0.07,0.77,0.0002,0.0005,     0,0,0,10.23,89.77,0.00,N/A,24.33,20.84,209.95,1.17,29.18,0.12,2.99,0.05,1.10,0.05,1.00,0.00,0.01,0.19,0.70,0.0002,0.0006,     0,0,0,4.83,95.17,0.00,N/A,11.53,10.49,209.95,1.10,27.47,0.05,1.33,0.01,0.21,0.05,1.00,0.00,0.01,0.45,0.85,0.0016,0.0031,     0,0,0,5.41,94.59,0.00,N/A,2.36,11.36,209.95,0.21,5.19,0.01,0.28,0.12,1.18,0.10,1.00,0.00,0.01,0.08,0.79,0.0002,0.0005,     0,0,0,10.16,89.84,0.00,N/A,24.62,20.82,209.95,1.18,29.56,0.12,3.00,0.12,1.19,0.10,1.00,0.01,0.01,0.06,0.68,0.0002,0.0005,     0,0,0,10.17,89.83,0.00,N/A,24.80,20.84,209.95,1.19,29.75,0.12,3.03,0.12,1.17,0.10,1.00,0.01,0.01,0.05,0.69,0.0002,0.0005,     0,0,0,10.17,89.83,0.00,N/A,24.44,20.84,209.95,1.17,29.32,0.12,2.98,0.00,0.48,0.00,1.00,0.00,0.00,0.78,0.69,0.0008,0.0058,     0,0,0,0.12,99.88,0.00,N/A,0.12,0.24,209.95,0.48,12.07,0.00,0.01,0.12,1.19,0.10,1.00,0.01,0.01,0.06,0.69,0.0002,0.0005,     0,0,0,10.16,89.84,0.00,N/A,24.78,20.82,209.95,1.19,29.75,0.12,3.02,0.00,0.44,0.00,1.00,0.00,0.00,0.84,0.60,0.0011,0.0079,     0,0,0,0.22,99.78,0.00,N/A,0.20,0.45,209.95,0.44,11.05,0.00,0.02,0.00,0.52,0.00,1.00,0.00,0.00,0.86,0.56,0.0010,0.0081,     0,0,0,0.31,99.69,0.00,N/A,0.34,0.65,209.95,0.52,12.91,0.00,0.04,
2024-03-19,11:04:03.523,0.06,1.06,0.06,1.00,0.05,0.13,0.26,0.74,0.0003,0.0006,0.02,0.03,-2147483648,0.00,0.00,212.40,199.77,212.24,1.06,26.58,0.06,1.55,41.86,0.82,104.97,5.83,94.17,0.00,100.00,0.00,0.00,0.00,0.00,-nan,0.22,0.06,1.06,0.06,1.00,0.03,0.06,0.22,0.76,0.0002,0.0006,     0,0,0,0.01,0.01,-2147483648,0.00,0.00,N/A,105.59,99.22,212.24,1.06,26.60,0.06,1.53,0.06,1.06,0.06,1.00,0.03,0.07,0.28,0.73,0.0003,0.0007,     0,0,0,0.01,0.01,-2147483648,0.00,0.00,N/A,106.82,100.56,212.24,1.06,26.56,0.06,1.56,10.86,10.00,  4%,  3%,10.63,10.36,  4%,  4%,25.64,26.52,  9%, 10%,26.35,26.47, 10%, 10%,5.77,94.23,0.00,100.00,0.00,0.00,5.88,94.12,0.00,100.00,0.00,0.00,0.00,0.00,0.00 ,0.00 ,-nan ,-nan ,0.22,0.22,0.02,0.31,0.06,1.00,0.00,0.01,0.39,0.84,0.0012,0.0023,     0,0,0,5.73,94.27,0.00,N/A,3.75,12.15,212.24,0.31,7.71,0.02,0.44,0.10,1.17,0.09,1.00,0.00,0.01,0.13,0.70,0.0002,0.0005,     0,0,0,8.79,91.21,0.00,N/A,22.91,19.63,212.24,1.17,29.17,0.10,2.56,0.11,1.17,0.09,1.00,0.01,0.01,0.05,0.72,0.0002,0.0005,     0,0,0,9.33,90.67,0.00,N/A,24.42,20.85,212.24,1.17,29.29,0.11,2.73,0.00,0.50,0.00,1.00,0.00,0.00,0.75,0.69,0.0013,0.0069,     0,0,0,0.33,99.67,0.00,N/A,0.35,0.70,212.24,0.50,12.50,0.00,0.04,0.01,1.28,0.01,1.00,0.00,0.00,0.83,0.93,0.0001,0.0006,     0,0,0,0.88,99.12,0.00,N/A,2.39,1.86,212.24,1.28,31.98,0.01,0.28,0.12,1.20,0.10,1.00,0.01,0.01,0.07,0.66,0.0002,0.0005,     0,0,0,9.64,90.36,0.00,N/A,25.08,20.85,212.24,1.20,30.08,0.12,2.90,0.11,1.16,0.10,1.00,0.00,0.01,0.08,0.77,0.0002,0.0005,     0,0,0,9.64,90.36,0.00,N/A,24.10,20.85,212.24,1.16,28.91,0.11,2.79,0.01,1.11,0.01,1.00,0.00,0.00,0.45,0.70,0.0002,0.0008,     0,0,0,1.13,98.87,0.00,N/A,2.58,2.32,212.24,1.11,27.84,0.01,0.32,0.02,0.38,0.06,1.00,0.00,0.01,0.53,0.80,0.0009,0.0022,     0,0,0,6.38,93.62,0.00,N/A,5.12,13.54,212.24,0.38,9.45,0.02,0.60,0.11,1.18,0.10,1.00,0.00,0.01,0.06,0.79,0.0002,0.0005,     0,0,0,9.70,90.30,0.00,N/A,24.55,20.85,212.24,1.18,29.44,0.11,2.85,0.12,1.19,0.10,1.00,0.01,0.01,0.05,0.68,0.0002,0.0005,     0,0,0,9.69,90.31,0.00,N/A,24.81,20.84,212.24,1.19,29.76,0.12,2.88,0.11,1.17,0.10,1.00,0.01,0.01,0.05,0.68,0.0002,0.0005,     0,0,0,9.69,90.31,0.00,N/A,24.29,20.84,212.24,1.17,29.14,0.11,2.82,0.00,0.53,0.00,1.00,0.00,0.00,0.64,0.67,0.0019,0.0066,     0,0,0,0.40,99.60,0.00,N/A,0.45,0.85,212.24,0.53,13.34,0.00,0.05,0.12,1.19,0.10,1.00,0.01,0.01,0.06,0.68,0.0002,0.0005,     0,0,0,9.70,90.30,0.00,N/A,24.75,20.86,212.24,1.19,29.66,0.12,2.88,0.01,0.91,0.01,1.00,0.00,0.00,0.49,0.63,0.0010,0.0023,     0,0,0,0.59,99.41,0.00,N/A,1.15,1.25,212.24,0.91,22.85,0.01,0.13,0.01,1.11,0.01,1.00,0.00,0.00,0.80,0.62,0.0003,0.0020,     0,0,0,0.72,99.28,0.00,N/A,1.69,1.52,212.24,1.11,27.85,0.01,0.20,
2024-03-19,11:04:03.623,0.06,1.06,0.06,1.00,0.05,0.13,0.22,0.75,0.0003,0.0006,0.03,0.03,-2147483648,0.00,0.00,207.10,194.99,209.96,1.06,26.55,0.06,1.54,41.83,0.69,105.06,5.80,94.20,0.00,100.00,0.00,0.00,0.00,0.00,-nan,0.22,0.06,1.07,0.06,1.00,0.03,0.06,0.20,0.76,0.0002,0.0006,     0,0,0,0.02,0.02,-2147483648,0.00,0.00,N/A,104.66,97.82,209.96,1.07,26.75,0.06,1.56,0.06,1.05,0.06,1.00,0.03,0.07,0.24,0.73,0.0003,0.0006,     0,0,0,0.01,0.01,-2147483648,0.00,0.00,N/A,102.44,97.17,209.96,1.05,26.36,0.06,1.52,10.93,10.08,  4%,  3%,10.53,10.31,  4%,  4%,25.76,26.65, 10%, 10%,26.24,26.42, 10%, 10%,5.82,94.18,0.00,100.00,0.00,0.00,5.78,94.22,0.00,100.00,0.00,0.00,0.00,0.00,0.00 ,0.00 ,-nan ,-nan ,0.22,0.23,0.01,0.23,0.05,1.00,0.00,0.01,0.40,0.85,0.0016,0.0030,     0,0,0,5.31,94.69,0.00,N/A,2.56,11.15,209.96,0.23,5.74,0.01,0.30,0.12,1.17,0.10,1.00,0.01,0.01,0.05,0.71,0.0002,0.0005,     0,0,0,9.92,90.08,0.00,N/A,24.47,20.84,209.96,1.17,29.35,0.12,2.91,0.12,1.17,0.10,1.00,0.01,0.01,0.10,0.72,0.0002,0.0006,     0,0,0,9.92,90.08,0.00,N/A,24.39,20.84,209.96,1.17,29.26,0.12,2.90,0.00,0.50,0.00,1.00,0.00,0.00,0.74,0.64,0.0013,0.0069,     0,0,0,0.17,99.83,0.00,N/A,0.18,0.36,209.96,0.50,12.41,0.00,0.02,0.02,1.36,0.01,1.00,0.00,0.00,0.69,0.90,0.0001,0.0006,     0,0,0,1.24,98.76,0.00,N/A,3.55,2.61,209.96,1.36,33.97,0.02,0.42,0.12,1.20,0.10,1.00,0.01,0.01,0.06,0.66,0.0002,0.0005,     0,0,0,9.93,90.07,0.00,N/A,24.98,20.84,209.96,1.20,29.96,0.12,2.97,0.12,1.17,0.10,1.00,0.00,0.01,0.06,0.77,0.0002,0.0005,     0,0,0,9.92,90.08,0.00,N/A,24.33,20.84,209.96,1.17,29.18,0.12,2.90,0.00,0.63,0.00,1.00,0.00,0.00,0.78,0.70,0.0008,0.0053,     0,0,0,0.16,99.84,0.00,N/A,0.21,0.33,209.96,0.63,15.82,0.00,0.02,0.01,0.21,0.05,1.00,0.00,0.01,0.50,0.82,0.0017,0.0036,     0,0,0,5.46,94.54,0.00,N/A,2.45,11.47,209.96,0.21,5.34,0.01,0.29,0.12,1.19,0.10,1.00,0.00,0.01,0.08,0.80,0.0002,0.0005,     0,0,0,9.92,90.08,0.00,N/A,24.72,20.84,209.96,1.19,29.66,0.12,2.94,0.12,1.19,0.10,1.00,0.01,0.01,0.06,0.68,0.0002,0.0005,     0,0,0,9.92,90.08,0.00,N/A,24.81,20.84,209.96,1.19,29.76,0.12,2.95,0.12,1.17,0.10,1.00,0.01,0.01,0.05,0.68,0.0002,0.0005,     0,0,0,9.92,90.08,0.00,N/A,24.45,20.84,209.96,1.17,29.32,0.12,2.91,0.11,1.17,0.09,1.00,0.01,0.01,0.08,0.69,0.0002,0.0005,     0,0,0,9.47,90.53,0.00,N/A,24.59,20.95,209.96,1.17,29.34,0.11,2.78,0.00,0.78,0.01,1.00,0.00,0.00,0.31,0.58,0.0013,0.0026,     0,0,0,0.58,99.42,0.00,N/A,0.89,1.14,209.96,0.78,19.43,0.00,0.11,0.00,0.46,0.00,1.00,0.00,0.00,0.74,0.62,0.0015,0.0070,     0,0,0,0.25,99.75,0.00,N/A,0.24,0.53,209.96,0.46,11.56,0.00,0.03,0.00,0.54,0.00,1.00,0.00,0.00,0.82,0.66,0.0010,0.0068,     0,0,0,0.27,99.73,0.00,N/A,0.30,0.56,209.96,0.54,13.49,0.00,0.04,
2024-03-19,11:04:03.723,0.06,1.07,0.06,1.00,0.05,0.12,0.20,0.75,0.0002,0.0006,0.03,0.04,-2147483648,0.00,0.00,205.66,192.51,209.97,1.07,26.71,0.06,1.53,37.46,0.59,89.58,5.73,94.27,0.00,100.00,0.00,0.00,0.00,0.00,-nan,0.22,0.06,1.08,0.06,1.00,0.02,0.06,0.22,0.76,0.0002,0.0006,     0,0,0,0.01,0.02,-2147483648,0.00,0.00,N/A,104.76,97.39,209.97,1.08,26.89,0.06,1.56,0.06,1.06,0.06,1.00,0.03,0.06,0.19,0.74,0.0003,0.0006,     0,0,0,0.01,0.02,-2147483648,0.00,0.00,N/A,100.90,95.11,209.97,1.06,26.52,0.06,1.50,10.79,9.92,  4%,  3%,8.47,8.28,  3%,  3%,25.67,26.43, 10%, 10%,18.67,18.81,  7%,  7%,5.80,94.20,0.00,100.00,0.00,0.00,5.66,94.34,0.00,100.00,0.00,0.00,0.00,0.00,0.00 ,0.00 ,-nan ,-nan ,0.22,0.22,0.01,0.23,0.05,1.00,0.00,0.01,0.42,0.85,0.0014,0.0029,     0,0,0,5.28,94.72,0.00,N/A,2.59,11.08,209.97,0.23,5.85,0.01,0.31,0.12,1.18,0.10,1.00,0.01,0.01,0.06,0.71,0.0002,0.0005,     0,0,0,9.92,90.08,0.00,N/A,24.62,20.83,209.97,1.18,29.54,0.12,2.93,0.12,1.19,0.10,1.00,0.01,0.01,0.07,0.72,0.0002,0.0005,     0,0,0,9.93,90.07,0.00,N/A,24.75,20.84,209.97,1.19,29.68,0.12,2.95,0.00,0.57,0.00,1.00,0.00,0.00,0.80,0.73,0.0009,0.0062,     0,0,0,0.33,99.67,0.00,N/A,0.40,0.70,209.97,0.57,14.23,0.00,0.05,0.01,1.37,0.01,1.00,0.00,0.00,0.73,0.92,0.0001,0.0006,     0,0,0,0.95,99.05,0.00,N/A,2.74,1.99,209.97,1.37,34.32,0.01,0.33,0.12,1.20,0.10,1.00,0.01,0.01,0.08,0.66,0.0002,0.0005,     0,0,0,9.93,90.07,0.00,N/A,25.02,20.85,209.97,1.20,29.99,0.12,2.98,0.12,1.18,0.10,1.00,0.00,0.01,0.06,0.77,0.0002,0.0005,     0,0,0,9.93,90.07,0.00,N/A,24.50,20.85,209.97,1.18,29.39,0.12,2.92,0.00,0.62,0.00,1.00,0.00,0.00,0.79,0.71,0.0007,0.0051,     0,0,0,0.12,99.88,0.00,N/A,0.15,0.24,209.97,0.62,15.59,0.00,0.02,0.01,0.21,0.05,1.00,0.00,0.01,0.44,0.86,0.0016,0.0030,     0,0,0,5.18,94.82,0.00,N/A,2.25,10.87,209.97,0.21,5.18,0.01,0.27,0.12,1.18,0.10,1.00,0.00,0.01,0.06,0.79,0.0002,0.0005,     0,0,0,9.92,90.08,0.00,N/A,24.61,20.84,209.97,1.18,29.52,0.12,2.93,0.12,1.18,0.10,1.00,0.01,0.01,0.06,0.68,0.0002,0.0005,     0,0,0,9.92,90.08,0.00,N/A,24.62,20.84,209.97,1.18,29.54,0.12,2.93,0.11,1.15,0.10,1.00,0.01,0.01,0.06,0.68,0.0002,0.0005,     0,0,0,9.92,90.08,0.00,N/A,24.00,20.84,209.97,1.15,28.79,0.11,2.86,0.12,1.20,0.10,1.00,0.01,0.01,0.06,0.68,0.0002,0.0005,     0,0,0,9.92,90.08,0.00,N/A,24.97,20.84,209.97,1.20,29.95,0.12,2.97,0.00,0.45,0.00,1.00,0.00,0.00,0.52,0.82,0.0010,0.0029,     0,0,0,0.08,99.92,0.00,N/A,0.08,0.17,209.97,0.45,11.30,0.00,0.01,0.00,0.49,0.00,1.00,0.00,0.00,0.80,0.68,0.0010,0.0064,     0,0,0,0.13,99.87,0.00,N/A,0.13,0.27,209.97,0.49,12.19,0.00,0.02,0.00,0.55,0.00,1.00,0.00,0.00,0.75,0.63,0.0014,0.0067,     0,0,0,0.21,99.79,0.00,N/A,0.24,0.45,209.97,0.55,13.68,0.00,0.03,
2024-03-19,11:04:03.823,0.06,1.06,0.06,1.00,0.05,0.12,0.17,0.76,0.0002,0.0006,0.02,0.03,-2147483648,0.00,0.00,204.86,192.50,210.07,1.06,26.61,0.06,1.52,33.11,0.65,85.52,5.73,94.27,0.00,100.00,0.00,0.00,0.00,0.00,-nan,0.22,0.06,1.07,0.06,1.00,0.02,0.06,0.19,0.76,0.0002,0.0006,     0,0,0,0.01,0.01,-2147483648,0.00,0.00,N/A,104.05,97.40,210.07,1.07,26.71,0.06,1.55,0.06,1.06,0.06,1.00,0.03,0.06,0.16,0.75,0.0003,0.0006,     0,0,0,0.01,0.01,-2147483648,0.00,0.00,N/A,100.81,95.10,210.07,1.06,26.50,0.06,1.50,7.67,7.07,  2%,  2%,9.28,9.09,  3%,  3%,17.31,17.94,  6%,  7%,25.08,25.19, 10%, 10%,5.80,94.20,0.00,100.00,0.00,0.00,5.66,94.34,0.00,100.00,0.00,0.00,0.00,0.00,0.00 ,0.00 ,-nan ,-nan ,0.22,0.22,0.01,0.22,0.05,1.00,0.00,0.01,0.30,0.88,0.0015,0.0025,     0,0,0,5.20,94.80,0.00,N/A,2.42,10.93,210.07,0.22,5.53,0.01,0.29,0.12,1.17,0.10,1.00,0.01,0.01,0.06,0.71,0.0002,0.0005,     0,0,0,9.92,90.08,0.00,N/A,24.38,20.84,210.07,1.17,29.25,0.12,2.90,0.12,1.17,0.10,1.00,0.01,0.01,0.06,0.73,0.0002,0.0005,     0,0,0,9.92,90.08,0.00,N/A,24.36,20.83,210.07,1.17,29.24,0.12,2.90,0.00,0.51,0.00,1.00,0.00,0.00,0.87,0.68,0.0005,0.0061,     0,0,0,0.11,99.89,0.00,N/A,0.12,0.24,210.07,0.51,12.71,0.00,0.01,0.01,1.34,0.01,1.00,0.00,0.00,0.78,0.88,0.0001,0.0007,     0,0,0,0.83,99.17,0.00,N/A,2.34,1.74,210.07,1.34,33.47,0.01,0.28,0.12,1.19,0.10,1.00,0.00,0.01,0.08,0.67,0.0002,0.0005,     0,0,0,9.93,90.07,0.00,N/A,24.72,20.84,210.07,1.19,29.65,0.12,2.94,0.12,1.18,0.10,1.00,0.00,0.01,0.06,0.77,0.0002,0.0005,     0,0,0,9.92,90.08,0.00,N/A,24.56,20.84,210.07,1.18,29.47,0.12,2.92,0.01,1.02,0.01,1.00,0.00,0.00,0.75,0.79,0.0004,0.0022,     0,0,0,0.54,99.46,0.00,N/A,1.16,1.14,210.07,1.02,25.42,0.01,0.14,0.01,0.20,0.05,1.00,0.00,0.01,0.43,0.86,0.0016,0.0029,     0,0,0,5.30,94.70,0.00,N/A,2.26,11.13,210.07,0.20,5.08,0.01,0.27,0.12,1.18,0.10,1.00,0.00,0.01,0.07,0.79,0.0002,0.0005,     0,0,0,9.92,90.08,0.00,N/A,24.62,20.83,210.07,1.18,29.54,0.12,2.93,0.12,1.18,0.10,1.00,0.01,0.01,0.05,0.68,0.0002,0.0005,     0,0,0,9.92,90.08,0.00,N/A,24.69,20.84,210.07,1.18,29.62,0.12,2.94,0.12,1.16,0.10,1.00,0.01,0.01,0.05,0.68,0.0002,0.0005,     0,0,0,9.92,90.08,0.00,N/A,24.24,20.84,210.07,1.16,29.08,0.12,2.89,0.12,1.18,0.10,1.00,0.01,0.01,0.06,0.68,0.0002,0.0005,     0,0,0,9.93,90.07,0.00,N/A,24.69,20.84,210.07,1.18,29.61,0.12,2.94,0.00,0.45,0.00,1.00,0.00,0.00,0.30,0.81,0.0018,0.0029,     0,0,0,0.08,99.92,0.00,N/A,0.07,0.16,210.07,0.45,11.30,0.00,0.01,0.00,0.48,0.00,1.00,0.00,0.00,0.74,0.73,0.0010,0.0049,     0,0,0,0.09,99.91,0.00,N/A,0.09,0.19,210.07,0.48,12.04,0.00,0.01,0.00,0.54,0.00,1.00,0.00,0.00,0.80,0.65,0.0009,0.0060,     0,0,0,0.13,99.87,0.00,N/A,0.14,0.27,210.07,0.54,13.38,0.00,0.02,
2024-03-19,11:04:03.921,0.06,1.07,0.06,1.00,0.05,0.12,0.17,0.76,0.0002,0.0006,0.02,0.03,-2147483648,0.00,0.00,202.07,189.45,209.94,1.07,26.66,0.06,1.52,41.39,0.80,104.67,5.69,94.31,0.00,100.00,0.00,0.00,0.00,0.00,-nan,0.22,0.06,1.07,0.06,1.00,0.02,0.06,0.17,0.77,0.0002,0.0006,     0,0,0,0.01,0.02,-2147483648,0.00,0.00,N/A,101.36,94.31,209.94,1.07,26.87,0.06,1.53,0.06,1.06,0.06,1.00,0.03,0.06,0.16,0.75,0.0003,0.0006,     0,0,0,0.01,0.01,-2147483648,0.00,0.00,N/A,100.71,95.14,209.94,1.06,26.46,0.06,1.51,10.55,9.75,  4%,  3%,10.68,10.41,  4%,  4%,25.64,26.50, 10%, 10%,26.20,26.34, 10%, 10%,5.68,94.32,0.00,100.00,0.00,0.00,5.71,94.29,0.00,100.00,0.00,0.00,0.00,0.00,0.00 ,0.00 ,-nan ,-nan ,0.22,0.23,0.01,0.22,0.05,1.00,0.00,0.01,0.34,0.88,0.0015,0.0025,     0,0,0,5.07,94.93,0.00,N/A,2.36,10.64,209.94,0.22,5.55,0.01,0.28,0.11,1.17,0.09,1.00,0.00,0.01,0.06,0.71,0.0002,0.0005,     0,0,0,9.40,90.60,0.00,N/A,21.95,18.75,209.94,1.17,29.27,0.11,2.75,0.12,1.19,0.10,1.00,0.01,0.01,0.06,0.72,0.0002,0.0005,     0,0,0,10.12,89.88,0.00,N/A,24.80,20.83,209.94,1.19,29.77,0.12,3.01,0.00,0.52,0.00,1.00,0.00,0.00,0.78,0.72,0.0007,0.0050,     0,0,0,0.10,99.90,0.00,N/A,0.11,0.20,209.94,0.52,13.11,0.00,0.01,0.01,1.36,0.01,1.00,0.00,0.00,0.73,0.94,0.0001,0.0005,     0,0,0,0.75,99.25,0.00,N/A,2.15,1.58,209.94,1.36,34.10,0.01,0.26,0.12,1.20,0.10,1.00,0.01,0.01,0.07,0.67,0.0002,0.0005,     0,0,0,10.08,89.92,0.00,N/A,25.04,20.85,209.94,1.20,30.02,0.12,3.02,0.12,1.17,0.10,1.00,0.00,0.01,0.07,0.77,0.0002,0.0005,     0,0,0,10.07,89.93,0.00,N/A,24.46,20.84,209.94,1.17,29.34,0.12,2.96,0.00,0.79,0.00,1.00,0.00,0.00,0.78,0.76,0.0005,0.0033,     0,0,0,0.30,99.70,0.00,N/A,0.49,0.62,209.94,0.79,19.65,0.00,0.06,0.01,0.21,0.05,1.00,0.00,0.01,0.42,0.86,0.0016,0.0029,     0,0,0,5.26,94.74,0.00,N/A,2.28,11.05,209.94,0.21,5.16,0.01,0.27,0.12,1.19,0.10,1.00,0.00,0.01,0.06,0.79,0.0002,0.0005,     0,0,0,10.06,89.94,0.00,N/A,24.70,20.82,209.94,1.19,29.66,0.12,2.98,0.12,1.19,0.10,1.00,0.01,0.01,0.05,0.68,0.0002,0.0005,     0,0,0,10.07,89.93,0.00,N/A,24.72,20.84,209.94,1.19,29.66,0.12,2.99,0.12,1.15,0.10,1.00,0.01,0.01,0.05,0.68,0.0002,0.0006,     0,0,0,10.07,89.93,0.00,N/A,23.88,20.83,209.94,1.15,28.65,0.12,2.88,0.12,1.19,0.10,1.00,0.01,0.01,0.05,0.68,0.0002,0.0005,     0,0,0,10.07,89.93,0.00,N/A,24.76,20.85,209.94,1.19,29.69,0.12,2.99,0.00,0.47,0.00,1.00,0.00,0.00,0.54,0.78,0.0012,0.0034,     0,0,0,0.07,99.93,0.00,N/A,0.07,0.15,209.94,0.47,11.63,0.00,0.01,0.00,0.49,0.00,1.00,0.00,0.00,0.77,0.70,0.0012,0.0060,     0,0,0,0.16,99.84,0.00,N/A,0.16,0.34,209.94,0.49,12.13,0.00,0.02,0.00,0.52,0.00,1.00,0.00,0.00,0.73,0.65,0.0013,0.0059,     0,0,0,0.13,99.87,0.00,N/A,0.14,0.27,209.94,0.52,12.98,0.00,0.02,
2024-03-19,11:04:04.023,0.06,1.07,0.06,1.00,0.05,0.12,0.18,0.75,0.0002,0.0006,0.02,0.03,-2147483648,0.00,0.00,206.47,192.83,211.96,1.07,26.77,0.06,1.51,42.17,0.80,105.55,5.66,94.34,0.00,100.00,0.00,0.00,0.00,0.00,-nan,0.22,0.06,1.08,0.06,1.00,0.02,0.06,0.20,0.76,0.0002,0.0006,     0,0,0,0.02,0.02,-2147483648,0.00,0.00,N/A,105.16,97.68,211.96,1.08,26.91,0.06,1.54,0.06,1.06,0.06,1.00,0.03,0.06,0.15,0.75,0.0002,0.0006,     0,0,0,0.01,0.01,-2147483648,0.00,0.00,N/A,101.31,95.16,211.96,1.06,26.62,0.06,1.49,10.97,10.09,  4%,  3%,10.68,10.43,  4%,  4%,26.03,26.80, 10%, 10%,26.29,26.43, 10%, 10%,5.72,94.28,0.00,100.00,0.00,0.00,5.60,94.40,0.00,100.00,0.00,0.00,0.00,0.00,0.00 ,0.00 ,-nan ,-nan ,0.22,0.22,0.01,0.24,0.05,1.00,0.00,0.01,0.38,0.86,0.0014,0.0025,     0,0,0,5.25,94.75,0.00,N/A,2.68,11.12,211.96,0.24,6.03,0.01,0.32,0.02,1.23,0.01,1.00,0.00,0.00,0.58,0.68,0.0002,0.0007,     0,0,0,1.42,98.58,0.00,N/A,3.85,3.14,211.96,1.23,30.63,0.02,0.44,0.12,1.19,0.10,1.00,0.01,0.01,0.06,0.72,0.0002,0.0005,     0,0,0,9.74,90.26,0.00,N/A,24.78,20.86,211.96,1.19,29.71,0.12,2.89,0.00,0.51,0.00,1.00,0.00,0.00,0.85,0.72,0.0005,0.0043,     0,0,0,0.08,99.92,0.00,N/A,0.09,0.18,211.96,0.51,12.64,0.00,0.01,0.10,1.17,0.09,1.00,0.00,0.01,0.08,0.71,0.0002,0.0005,     0,0,0,8.85,91.15,0.00,N/A,22.00,18.77,211.96,1.17,29.31,0.10,2.59,0.12,1.20,0.10,1.00,0.01,0.01,0.07,0.66,0.0002,0.0005,     0,0,0,9.78,90.22,0.00,N/A,25.07,20.85,211.96,1.20,30.06,0.12,2.94,0.11,1.17,0.10,1.00,0.00,0.01,0.06,0.77,0.0002,0.0005,     0,0,0,9.78,90.22,0.00,N/A,24.28,20.84,211.96,1.17,29.13,0.11,2.85,0.01,1.25,0.01,1.00,0.00,0.00,0.81,0.89,0.0001,0.0010,     0,0,0,0.91,99.09,0.00,N/A,2.41,1.93,211.96,1.25,31.21,0.01,0.28,0.01,0.20,0.05,1.00,0.00,0.01,0.41,0.86,0.0016,0.0028,     0,0,0,5.27,94.73,0.00,N/A,2.24,11.18,211.96,0.20,5.02,0.01,0.26,0.12,1.19,0.10,1.00,0.00,0.01,0.06,0.80,0.0002,0.0005,     0,0,0,9.79,90.21,0.00,N/A,24.80,20.86,211.96,1.19,29.72,0.12,2.91,0.12,1.19,0.10,1.00,0.01,0.01,0.05,0.68,0.0002,0.0005,     0,0,0,9.78,90.22,0.00,N/A,24.72,20.84,211.96,1.19,29.67,0.12,2.90,0.00,0.44,0.00,1.00,0.00,0.00,0.76,0.83,0.0004,0.0024,     0,0,0,0.05,99.95,0.00,N/A,0.05,0.11,211.96,0.44,10.90,0.00,0.01,0.12,1.19,0.10,1.00,0.01,0.01,0.05,0.68,0.0002,0.0005,     0,0,0,9.79,90.21,0.00,N/A,24.83,20.85,211.96,1.19,29.77,0.12,2.91,0.11,1.17,0.09,1.00,0.01,0.01,0.05,0.68,0.0002,0.0005,     0,0,0,9.43,90.57,0.00,N/A,24.44,20.87,211.96,1.17,29.28,0.11,2.76,0.00,0.46,0.00,1.00,0.00,0.00,0.76,0.72,0.0010,0.0047,     0,0,0,0.09,99.91,0.00,N/A,0.09,0.19,211.96,0.46,11.56,0.00,0.01,0.00,0.50,0.00,1.00,0.00,0.00,0.81,0.64,0.0010,0.0062,     0,0,0,0.13,99.87,0.00,N/A,0.14,0.28,211.96,0.50,12.54,0.00,0.02,